#################################### 
# Matrix Size= (10,400,10)
# Resol      = (1,200,1)
# VoxelSize  = (10,2,10)
# nbVal      = 200
#################################### 
0
0
0
0
0
0
0
0
0
0
0
0
0
0
0
0
0
0
0
0
0
0
0
0
0
0
0
0
0
2.17166e-06
2.44586e-06
2.31743e-06
2.09277e-06
2.18773e-06
2.01371e-06
2.0472e-06
1.94259e-06
1.94956e-06
1.6818e-06
1.45592e-06
1.28622e-06
1.20286e-06
1.14705e-06
1.10891e-06
1.09951e-06
1.13319e-06
1.18022e-06
1.25364e-06
1.33671e-06
1.43871e-06
1.55566e-06
1.677e-06
1.82484e-06
1.95981e-06
2.18903e-06
2.35815e-06
2.44246e-06
2.67462e-06
2.89669e-06
3.09167e-06
3.60163e-06
4.2044e-06
4.76697e-06
5.45913e-06
6.17836e-06
6.70439e-06
7.50683e-06
8.64033e-06
1.0389e-05
1.32785e-05
1.73736e-05
2.28699e-05
2.95315e-05
3.88918e-05
5.78608e-05
9.21289e-05
0.000131053
0.000164451
0.000189627
0.000202765
0.000215777
0.000235312
0.000241511
0.000255181
0.00025933
0.000268147
0.000285593
0.000298314
0.000301085
0.000288641
0.000272172
0.000264577
0.000257534
0.00025054
0.000244635
0.000238924
0.00023282
0.000228763
0.000223174
0.000218379
0.000214901
0.000209163
0.000205632
0.000202694
0.000198509
0.000232126
0.000299944
0.000333046
0.000363132
0.000385883
0.000401223
0.000418299
0.000427967
0.00043621
0.000435911
0.000428415
0.000456762
0.000469611
0.00044244
0.000389311
0.000340425
0.000291449
0.000246094
0.000203106
0.000172753
0.000143618
0.000116008
9.44246e-05
8.04559e-05
6.87066e-05
5.94731e-05
5.31778e-05
4.71037e-05
4.17218e-05
3.71762e-05
3.2725e-05
2.88958e-05
2.6082e-05
2.34394e-05
2.09856e-05
1.87137e-05
1.6253e-05
1.36743e-05
1.10368e-05
8.62182e-06
6.99723e-06
6.17713e-06
5.75273e-06
5.46864e-06
5.2789e-06
5.05271e-06
4.90129e-06
4.78916e-06
4.64097e-06
4.50264e-06
4.30028e-06
4.18174e-06
4.06692e-06
3.94107e-06
3.77369e-06
3.62318e-06
3.60452e-06
3.53529e-06
3.46647e-06
3.30875e-06
3.13991e-06
2.87322e-06
2.54296e-06
2.21199e-06
2.10469e-06
2.18239e-06
0
0
0
0
0
0
0
0
0
0
0
0
0
0
0
0
0
0
0
0
0
0
0
0
0
0
0
0
0
