#################################### 
# Matrix Size= (10,400,10)
# Resol      = (1,200,1)
# VoxelSize  = (10,2,10)
# nbVal      = 200
#################################### 
0
0
0
0
0
0
0
0
0
0
0
0
0
0
0
0
0
0
0
0
0
0
0
0
0
0
0
0
0
0
0
0
0
0
0
0
0
0
0
0
0
1
0
0
0
0
0
0
0
0
0
0
0
0
0
1
0
0
0
1
0
1
0
0
1
1
0
2
3
4
9
13
17
16
17
18
13
7
5
1
7
87
112
222
195
247
343
514
472
309
118
73
78
17
13
13
18
9
10
17
28
17
12
13
17
663
1466
1179
1409
1622
1629
1748
1774
1783
1551
1406
3114
4834
3626
1735
1215
789
445
367
197
86
18
25
19
20
18
13
8
9
9
19
3
9
6
5
11
22
18
26
31
32
30
24
15
22
20
15
21
21
16
14
13
14
13
10
6
4
10
9
7
7
3
7
2
2
4
0
0
0
0
0
0
0
0
0
0
0
0
0
0
0
0
0
0
0
0
0
0
0
0
0
0
0
0
0
