#################################### 
# Matrix Size= (10,400,10)
# Resol      = (1,200,1)
# VoxelSize  = (10,2,10)
# nbVal      = 200
#################################### 
0
0
0
0
0
0
0
0
0
0
0
0
0
0
0
0
0
0
0
0
0
0
0
0
0
0
0
0
0
2
2
0
3
5
1
1
4
10
12
12
4
7
1
1
2
0
0
0
0
0
0
0
0
0
0
1
3
0
2
0
2
2
4
4
5
5
8
28
45
84
131
174
230
357
522
533
440
275
188
158
157
174
165
161
123
112
147
125
98
66
33
13
5
2
2
0
1
3
3
2
5
1
3
6
8
209
446
395
615
716
729
877
926
875
832
823
2062
3283
2423
1231
883
718
572
460
408
424
456
440
409
355
330
272
221
206
154
126
115
85
90
84
89
101
91
94
66
41
28
28
14
23
20
22
16
16
22
14
12
15
16
10
5
6
10
7
6
10
2
7
1
2
6
0
0
0
0
0
0
0
0
0
0
0
0
0
0
0
0
0
0
0
0
0
0
0
0
0
0
0
0
0
