#################################### 
# Matrix Size= (10,400,10)
# Resol      = (1,200,1)
# VoxelSize  = (10,2,10)
# nbVal      = 200
#################################### 
0
0
0
0
0
0
0
0
0
0
0
0
0
0
0
0
0
0
0
0
0
0
0
0
0
0
0
0
0
0
0
0
0
0
0
0
0
0
0
0
0
0
0
0
0
0
0
0
0
5.49377e-07
3.61467e-06
3.57634e-06
3.73639e-06
3.82948e-06
3.79432e-06
3.97673e-06
3.63204e-06
3.25844e-06
2.73164e-06
2.51852e-06
2.39671e-06
2.32708e-06
2.43343e-06
2.5265e-06
2.73666e-06
2.99511e-06
3.3386e-06
3.71198e-06
4.21639e-06
4.77881e-06
5.49756e-06
6.4179e-06
7.50035e-06
8.83775e-06
1.07691e-05
1.34118e-05
1.74424e-05
2.43324e-05
3.73024e-05
6.74528e-05
0.00018444
0.000362761
0.000513307
0.000646617
0.000755903
0.000821039
0.000850469
0.000867244
0.000881796
0.00088955
0.000893917
0.000895765
0.000897227
0.000895641
0.00088992
0.000886974
0.000881384
0.000875894
0.000864257
0.000856819
0.000846687
0.000830786
0.000809293
0.000777843
0.000725263
0.000624102
0.000503978
0.000381898
0.000268094
0.000168326
0.000112077
8.17591e-05
6.24536e-05
4.88644e-05
3.90697e-05
3.20387e-05
2.65607e-05
2.1893e-05
1.84981e-05
1.57122e-05
1.36608e-05
1.10084e-05
9.44686e-06
8.58028e-06
8.00468e-06
7.61788e-06
7.17096e-06
6.70187e-06
6.45434e-06
6.17102e-06
5.83137e-06
5.49595e-06
5.32079e-06
5.03461e-06
4.79418e-06
4.61469e-06
4.37418e-06
4.17579e-06
3.9815e-06
3.85511e-06
3.62891e-06
3.45352e-06
3.32813e-06
3.12494e-06
2.72522e-06
2.04113e-06
1.50853e-06
1.37872e-06
1.39712e-06
1.472e-06
2.39117e-07
0
0
0
0
0
0
0
0
0
0
0
0
0
0
0
0
0
0
0
0
0
0
0
0
0
0
0
0
0
0
0
0
0
0
0
0
0
0
0
0
0
0
0
0
0
0
0
0
0
