#################################### 
# Matrix Size= (10,400,10)
# Resol      = (1,200,1)
# VoxelSize  = (10,2,10)
# nbVal      = 200
#################################### 
0
0
0
0
0
0
0
0
0
0
0
0
0
0
0
0
0
0
0
0
0
0
0
0
0
0
0
0
0
0
0
0
0
0
0
0
0
0
0
0
0
0
0
0
0
0
0
0
0
0
0
0
0
0
1
17
16
19
11
9
9
5
1
0
0
1
0
0
0
1
0
1
0
3
14
37
78
209
443
1133
2273
1890
2586
3154
3705
3889
4066
4515
5909
6726
7646
7739
8011
7945
7712
7512
7046
6159
4842
4084
3983
3935
3582
3255
3057
2825
2466
1931
1412
999
730
598
410
320
261
157
129
114
58
41
52
38
21
20
22
19
17
7
17
9
12
8
6
4
10
4
3
5
7
4
3
4
2
2
4
1
2
0
1
0
0
0
0
0
0
0
0
0
0
0
0
0
0
0
0
0
0
0
0
0
0
0
0
0
0
0
0
0
0
0
0
0
0
0
0
0
0
0
0
0
0
0
0
0
0
0
0
0
0
0
