#################################### 
# Matrix Size= (10,400,10)
# Resol      = (1,200,1)
# VoxelSize  = (10,2,10)
# nbVal      = 200
#################################### 
0
0
0
0
0
0
0
0
0
0
0
0
0
0
0
0
0
0
0
0
0
0
0
0
0
0
0
0
0
0
0
0
0
0
0
0
0
0
0
0
0
0
0
0
0
0
0
0
0
0
0
0
0
0
0
0
0
0
0
0
1
0
1
0
1
0
0
0
0
1
0
2
0
2
5
8
18
27
39
62
1147
1546
2983
3507
4759
4952
4851
5736
5996
7157
7748
8062
8413
7919
8382
7463
7369
6391
5575
5132
3864
4737
3878
4487
4135
3483
2902
1642
1176
229
40
37
34
21
23
15
12
12
8
9
9
19
21
21
24
15
15
13
13
8
10
6
5
7
11
4
6
5
7
4
7
1
2
1
4
0
0
0
0
0
0
0
0
0
0
0
0
0
0
0
0
0
0
0
0
0
0
0
0
0
0
0
0
0
0
0
0
0
0
0
0
0
0
0
0
0
0
0
0
0
0
0
0
0
0
0
0
0
0
0
