#################################### 
# Matrix Size= (10,400,10)
# Resol      = (1,200,1)
# VoxelSize  = (10,2,10)
# nbVal      = 200
#################################### 
0
0
0
0
0
0
0
0
0
0
0
0
0
0
0
0
0
0
0
0
0
0
0
0
0
0
0
0
0
0
0
0
0
0
0
0
0
0
0
0
0
0
0
0
0
0
0
0
0
3.49812e-07
2.29529e-06
2.33419e-06
2.3273e-06
2.17876e-06
2.19995e-06
2.97032e-06
4.06807e-06
5.03147e-06
5.44066e-06
5.75581e-06
6.07347e-06
6.40589e-06
6.82836e-06
7.13016e-06
7.57854e-06
8.01798e-06
8.50881e-06
9.03815e-06
9.68129e-06
1.02806e-05
1.10121e-05
1.18124e-05
1.27081e-05
1.37161e-05
1.5315e-05
1.73493e-05
2.08136e-05
2.76796e-05
4.21074e-05
7.46362e-05
0.000158832
0.00026149
0.000372174
0.000498642
0.000623433
0.000726132
0.000778848
0.000807151
0.00083024
0.000844965
0.000858355
0.000865524
0.000872515
0.000877291
0.000881801
0.000884532
0.000883797
0.000883392
0.000878893
0.000877445
0.000871373
0.000863605
0.000851925
0.000832488
0.000801023
0.000734148
0.000619162
0.000489601
0.000350981
0.000221123
0.000136083
9.54139e-05
7.02204e-05
5.20473e-05
3.91385e-05
3.0191e-05
2.31884e-05
1.75435e-05
1.34526e-05
1.05831e-05
8.12266e-06
5.86293e-06
4.77822e-06
4.17757e-06
3.72426e-06
3.28922e-06
2.96527e-06
2.7069e-06
2.44572e-06
2.23893e-06
2.03648e-06
1.82712e-06
1.71013e-06
1.5714e-06
1.46733e-06
1.32818e-06
1.26069e-06
1.21288e-06
1.21759e-06
1.21074e-06
1.29519e-06
1.34097e-06
1.52019e-06
1.90645e-06
2.37333e-06
2.50347e-06
2.48586e-06
2.41153e-06
2.50657e-06
2.46629e-06
3.74668e-07
0
0
0
0
0
0
0
0
0
0
0
0
0
0
0
0
0
0
0
0
0
0
0
0
0
0
0
0
0
0
0
0
0
0
0
0
0
0
0
0
0
0
0
0
0
0
0
0
0
