#################################### 
# Matrix Size= (10,400,10)
# Resol      = (1,200,1)
# VoxelSize  = (10,2,10)
# nbVal      = 200
#################################### 
0
0
0
0
0
0
0
0
0
0
0
0
0
0
0
0
0
0
0
0
0
0
0
0
0
0
0
0
0
0
0
0
0
0
0
0
0
0
0
0
0
0
0
0
0
0
0
0
0
0
0
0
0
0
0
3
6
7
9
11
7
7
13
13
21
19
20
18
23
25
17
39
39
38
53
95
134
255
485
1266
1900
1203
1612
2235
2910
3343
3678
4247
5490
6204
7076
7438
7876
7955
7712
7697
7058
6485
5164
4175
4120
3962
3828
3862
3471
3176
3065
2543
1971
1317
905
658
468
375
236
163
128
104
51
31
25
10
1
1
0
0
1
1
0
0
0
0
0
0
0
0
0
0
0
5
4
15
8
14
12
9
2
0
0
0
0
0
0
0
0
0
0
0
0
0
0
0
0
0
0
0
0
0
0
0
0
0
0
0
0
0
0
0
0
0
0
0
0
0
0
0
0
0
0
0
0
0
0
0
0
0
0
0
0
0
