#################################### 
# Matrix Size= (10,400,10)
# Resol      = (1,200,1)
# VoxelSize  = (10,2,10)
# nbVal      = 200
#################################### 
0
0
0
0
0
0
0
0
0
0
0
0
0
0
0
0
0
0
0
0
0
0
0
0
0
0
0
0
0
0
0
0
0
0
0
0
0
0
0
0
0
0
0
0
0
0
0
0
0
0
0
0
0
0
0
3
4
7
9
10
5
9
11
18
15
18
21
14
23
32
23
28
38
41
45
78
63
73
86
110
392
837
1559
2372
3881
4016
5102
5110
5960
6952
7279
8002
7421
8651
7774
7650
7350
6412
5829
4018
5097
4755
4368
4669
4171
4648
3324
2836
1700
574
29
25
8
10
13
4
4
2
1
1
1
1
0
1
0
0
1
1
0
0
0
0
0
0
0
0
0
1
0
0
0
0
1
0
0
0
0
0
0
0
0
0
0
0
0
0
0
0
0
0
0
0
0
0
0
0
0
0
0
0
0
0
0
0
0
0
0
0
0
0
0
0
0
0
0
0
0
0
0
0
0
0
0
0
0
0
0
0
0
0
