#################################### 
# Matrix Size= (3000,10,10)
# Resol      = (1500,1,1)
# VoxelSize  = (2,10,10)
# nbVal      = 1500
#################################### 
0
0
0
0
0
0
0
0
0
0
0
0
0
0
0
0
0
0
0
0
0
0
0
0
0
0
0
0
0
0
0
0
0
0
0
0
0
0
0
0
0
0
0
0
0
0
0
0
0
0
0
0
0
0
0
0
0
0
0
0
0
0
0
0
0
0
0
0
0
0
0
0
0
0
0
0
0
0
0
0
0
0
0
0
0
0
0
0
0
0
0
0
0
0
0
0
0
0
0
0
0
0
0
0
0
0
0
0
0
0
0
0
0
0
0
0
0
0
0
0
0
0
0
0
0
0
0
0
0
0
0
0
0
0
0
0
0
0
0
0
0
0
0
0
0
0
0
0
0
0
0
0
0
0
0
0
0
0
0
0
0
0
0
0
0
0
0
0
0
0
0
0
0
0
0
0
0
0
0
0
0
0
0
0
0
0
0
0
0
0
0
0
0
0
0
0
0
0
0
0
0
0
0
0
0
0
0
0
0
0
0
0
0
0
0
0
0
0
0
0
0
0
0
0
0
0
0
0
0
0
0
0
0
0
0
0
0
0
0
0
0
0
0
0
0
0
0
0
0
0
0
0
0
0
0
0
0
0
0
0
0
0
0
0
0
0
0
0
0
0
0
0
0
0
0
0
0
0
0
0
0
0
0
0
0
0
0
0
0
0
0
0
0
0
0
0
0
0
0
0
0
0
0
0
0
0
0
0
0
0
0
0
0
0
0
0
0
0
0
0
0
0
0
0
0
0
0
0
0
0
0
0
0
0
0
0
0
0
0
0
0
0
0
0
0
0
0
0
0
0
0
0
0
0
0
0
0
0
0
0
0
0
0
0
0
0
0
0
0
0
0
0
0
0
0
0
0
0
0
0
0
0
0
0
0
0
0
0
0
0
0
0
0
0
0
0
0
0
0
0
0
0
0
0
0
0
0
0
0
0
0
0
0
0
0
0
0
0
0
0
0
0
0
0
0
0
0
0
0
0
0
0
0
0
0
0
0
0
0
0
0
0
0
0
0
0
0
0
0
0
0
0
0
0
0
0
0
0
0
0
0
0
0
0
0
0
0
0
0
0
0
0
0
0
0
0
0
0
0
0
0
0
0
0
0
0
0
0
0
0
0
0
0
0
0
0
0
0
0
0
0
0
0
0
0
0
0
0
0
0
0
0
0
0
0
0
0
0
0
0
0
0
0
0
0
0
0
0
0
0
0
0
0
0
0
0
0
0
0
0
0
0
0
0
0
0
0
0
0
0
0
0
0
0
0
0
0
0
0
0
0
0
0
0
0
0
0
0
0
0
0
0
0
0
0
0
0
0
0
0
0
0
0
0
0
0
0
0
0
0
0
0
0
0
0
0
0
0
0
0
0
0
0
0
0
0
0
0
0
0
0
0
0
0
0
0
0
0
0
0
0
0
0
0
0
0
0
0
0
0
0
0
0
0
0
0
0
0
0
0
0
0
0
0
0
0
0
0
0
0
0
0
0
0
0
0
0
0
0
0
0
0
0
0
0
0
0
0
0
0
0
0
0
0
8.11236e-08
4.44801e-07
4.89834e-07
5.01152e-07
5.20069e-07
5.32165e-07
5.35647e-07
5.56178e-07
5.72857e-07
6.042e-07
6.56685e-07
6.80067e-07
6.80634e-07
6.93151e-07
7.05909e-07
7.55406e-07
7.83066e-07
7.88471e-07
8.23591e-07
8.35387e-07
8.6943e-07
8.80765e-07
9.07898e-07
9.64486e-07
9.85614e-07
1.02473e-06
1.0601e-06
1.09094e-06
1.12965e-06
1.16587e-06
1.18302e-06
1.22111e-06
1.25453e-06
1.30461e-06
1.36905e-06
1.39347e-06
1.47238e-06
1.51423e-06
1.53619e-06
1.59671e-06
1.65053e-06
1.72634e-06
1.76574e-06
1.84753e-06
1.92988e-06
1.97882e-06
2.07998e-06
2.09309e-06
2.19969e-06
2.3098e-06
2.35845e-06
2.47049e-06
2.57054e-06
2.63501e-06
2.75977e-06
2.86978e-06
2.95853e-06
3.06744e-06
3.11895e-06
3.3235e-06
3.48572e-06
3.63297e-06
3.75105e-06
3.88665e-06
4.07182e-06
4.17988e-06
4.343e-06
4.57278e-06
4.74119e-06
4.94441e-06
5.19282e-06
5.47145e-06
5.62308e-06
5.92e-06
6.13556e-06
6.4507e-06
6.78479e-06
7.15826e-06
7.47587e-06
7.85515e-06
8.23482e-06
8.54664e-06
9.05527e-06
9.56271e-06
1.00302e-05
1.06274e-05
1.10923e-05
1.18732e-05
1.26418e-05
1.3625e-05
1.48557e-05
1.68665e-05
1.99752e-05
2.49943e-05
3.08191e-05
3.66945e-05
4.19011e-05
4.61821e-05
4.89104e-05
5.0538e-05
5.142e-05
5.25911e-05
5.45456e-05
5.90479e-05
6.98232e-05
8.51045e-05
9.52262e-05
9.91901e-05
0.000100298
0.000100706
0.000100672
0.000100155
0.000100145
9.94932e-05
9.8107e-05
9.50625e-05
9.2193e-05
8.74646e-05
8.02333e-05
7.19193e-05
6.2837e-05
5.39013e-05
4.54601e-05
3.80082e-05
3.04806e-05
2.48704e-05
2.06706e-05
1.77949e-05
1.52673e-05
1.31594e-05
1.1329e-05
1.001e-05
8.74946e-06
7.81719e-06
7.07325e-06
6.22261e-06
5.57833e-06
5.0846e-06
4.72301e-06
4.35033e-06
3.92383e-06
3.64506e-06
3.3259e-06
2.95756e-06
2.73043e-06
2.55042e-06
2.35881e-06
2.31031e-06
2.42874e-06
2.96972e-06
3.12393e-06
6.72921e-07
0
0
0
0
0
0
0
0
0
0
0
0
0
0
0
0
0
0
0
0
0
0
0
0
0
0
0
0
0
0
0
0
0
0
0
0
0
0
0
0
0
0
0
0
0
0
0
0
0
0
0
0
0
0
0
0
0
0
0
0
0
0
0
0
0
0
0
0
0
0
0
0
0
0
0
0
0
0
0
0
0
0
0
0
0
0
0
0
0
0
0
0
0
0
0
0
0
0
0
0
0
0
0
0
0
0
0
0
0
0
0
0
0
0
0
0
0
0
0
0
0
0
0
0
0
0
0
0
0
0
0
0
0
0
0
0
0
0
0
0
0
0
0
0
0
0
0
0
0
0
0
0
0
0
0
0
0
0
0
0
0
0
0
0
0
0
0
0
0
0
0
0
0
0
0
0
0
0
0
0
0
0
0
0
0
0
0
0
0
0
0
0
0
0
0
0
0
0
0
0
0
0
0
0
0
0
0
0
0
0
0
0
0
0
0
0
0
0
0
0
0
0
0
0
0
0
0
0
0
0
0
0
0
0
0
0
0
0
0
0
0
0
0
0
0
0
0
0
0
0
0
0
0
0
0
0
0
0
0
0
0
0
0
0
0
0
0
0
0
0
0
0
0
0
0
0
0
0
0
0
0
0
0
0
0
0
0
0
0
0
0
0
0
0
0
0
0
0
0
0
0
0
0
0
0
0
0
0
0
0
0
0
0
0
0
0
0
0
0
0
0
0
0
0
0
0
0
0
0
0
0
0
0
0
0
0
0
0
0
0
0
0
0
0
0
0
0
0
0
0
0
0
0
0
0
0
0
0
0
0
0
0
0
0
0
0
0
0
0
0
0
0
0
0
0
0
0
0
0
0
0
0
0
0
0
0
0
0
0
0
0
0
0
0
0
0
0
0
0
0
0
0
0
0
0
0
0
0
0
0
0
0
0
0
0
0
0
0
0
0
0
0
0
0
0
0
0
0
0
0
0
0
0
0
0
0
0
0
0
0
0
0
0
0
0
0
0
0
0
0
0
0
0
0
0
0
0
0
0
0
0
0
0
0
0
0
0
0
0
0
0
0
0
0
0
0
0
0
0
0
0
0
0
0
0
0
0
0
0
0
0
0
0
0
0
0
0
0
0
0
0
0
0
0
0
0
0
0
0
0
0
0
0
0
0
0
0
0
0
0
0
0
0
0
0
0
0
0
0
0
0
0
0
0
0
0
0
0
0
0
0
0
0
0
0
0
0
0
0
0
0
0
0
0
0
0
0
0
0
0
0
0
0
0
0
0
0
0
0
0
0
0
0
0
0
0
0
0
0
0
0
0
0
0
0
0
0
0
0
0
0
0
0
0
0
0
0
0
0
0
0
0
0
0
0
0
0
0
0
0
0
0
0
0
0
0
0
0
0
0
0
0
0
0
0
0
0
0
0
0
0
0
0
0
0
0
0
0
0
0
0
0
0
0
0
0
0
0
0
0
0
0
0
0
0
0
0
0
0
0
0
0
0
0
0
0
0
0
0
0
0
0
0
0
