#################################### 
# Matrix Size= (10,400,10)
# Resol      = (1,200,1)
# VoxelSize  = (10,2,10)
# nbVal      = 200
#################################### 
0
0
0
0
0
0
0
0
0
0
0
0
0
0
0
0
0
0
0
0
0
0
0
0
0
0
0
0
0
0
0
0
0
0
0
0
0
0
0
0
0
0
0
0
0
0
0
0
0
4.93596e-07
3.27217e-06
3.2433e-06
3.31603e-06
3.38893e-06
3.64516e-06
3.61405e-06
3.36725e-06
2.85531e-06
2.37699e-06
2.09399e-06
1.98747e-06
1.92985e-06
1.90315e-06
1.98085e-06
2.1218e-06
2.27881e-06
2.4645e-06
2.67972e-06
2.9772e-06
3.31346e-06
3.64225e-06
4.15988e-06
4.63622e-06
5.15885e-06
5.87042e-06
6.65981e-06
7.69818e-06
8.77904e-06
1.0543e-05
1.36568e-05
2.21792e-05
3.58249e-05
4.7326e-05
5.75751e-05
6.54277e-05
6.86369e-05
6.05712e-05
5.08727e-05
4.69541e-05
4.55387e-05
4.56275e-05
4.57728e-05
4.63311e-05
4.64673e-05
4.67657e-05
4.65997e-05
4.70212e-05
4.70931e-05
4.72039e-05
4.89164e-05
5.80107e-05
7.19582e-05
7.87976e-05
7.96344e-05
7.72655e-05
7.1504e-05
6.38104e-05
5.53205e-05
4.68014e-05
3.92626e-05
3.2846e-05
2.78484e-05
2.36516e-05
2.02016e-05
1.75931e-05
1.54647e-05
1.35113e-05
1.19927e-05
1.09029e-05
9.80978e-06
8.88944e-06
7.81175e-06
7.08336e-06
6.74859e-06
6.32348e-06
6.065e-06
5.73655e-06
5.55507e-06
5.25104e-06
5.01314e-06
4.78628e-06
4.67801e-06
4.48702e-06
4.26648e-06
4.04763e-06
3.9271e-06
3.71804e-06
3.54686e-06
3.42947e-06
3.33994e-06
3.12707e-06
3.00263e-06
2.86328e-06
2.76184e-06
2.41685e-06
1.80115e-06
1.27108e-06
1.20992e-06
1.3778e-06
1.48013e-06
2.19286e-07
0
0
0
0
0
0
0
0
0
0
0
0
0
0
0
0
0
0
0
0
0
0
0
0
0
0
0
0
0
0
0
0
0
0
0
0
0
0
0
0
0
0
0
0
0
0
0
0
0
