#################################### 
# Matrix Size= (10,400,10)
# Resol      = (1,200,1)
# VoxelSize  = (10,2,10)
# nbVal      = 200
#################################### 
0
0
0
0
0
0
0
0
0
0
0
0
0
0
0
0
0
0
0
0
0
0
0
0
0
0
0
0
0
0
0
0
0
0
0
0
0
0
0
0
0
0
0
0
0
0
0
0
0
0.745548
4.94243
4.89878
5.00871
5.11882
90.776
1251.27
2754.69
3622.87
3299.76
2909.54
2763.47
2681.72
2645.06
2752.81
2949.36
3165.82
3422.34
3727.05
4136.32
4604.3
5058.79
5780.88
6436.57
7167.25
8160.76
9264.21
10701.8
12208.2
14661.3
18986
22060
16464.1
22938.3
27805.8
31560
35874.7
55913.8
58049.3
57034.7
56074.1
56101.6
56321
56863.4
57081.9
57660.9
57283.5
57617.2
57485.4
56037.6
53612.5
38540.8
33250
36285.5
34940.3
33496.8
33049.1
30004.3
26712.6
22451.6
18663.8
15669.6
13444
11498.6
9957.44
8077.29
7202.86
6626.61
6021.47
5331.47
4835.03
7146.25
10846.8
9858.45
9382.99
8791.41
8434.27
7964.38
7713.15
7304.48
6970.81
6653.19
6498.48
6237.13
5933.03
5626.94
5455.75
5164.76
4929.19
4766.16
4645.26
4345.52
4169.73
3975.49
3766.1
2851.78
1283.55
188.727
3.45597
13.7171
21.5125
0.660178
0
0
0
0
0
0
0
0
0
0
0
0
0
0
0
0
0
0
0
0
0
0
0
0
0
0
0
0
0
0
0
0
0
0
0
0
0
0
0
0
0
0
0
0
0
0
0
0
0
