#################################### 
# Matrix Size= (10,400,10)
# Resol      = (1,200,1)
# VoxelSize  = (10,2,10)
# nbVal      = 200
#################################### 
0
0
0
0
0
0
0
0
0
0
0
0
0
0
0
0
0
0
0
0
0
0
0
0
0
0
0
0
0
0
0
0
0
0
0
0
0
0
0
0
0
0
0
0
0
0
0
0
0
0
0
0
0
0
0
8
17
28
22
7
8
2
3
3
1
0
0
0
1
0
1
1
1
1
3
2
11
17
30
110
238
228
322
373
383
440
616
607
550
552
507
512
501
515
546
531
545
593
611
601
497
464
486
437
453
417
391
317
267
227
195
148
123
85
65
52
44
38
30
24
20
19
10
11
12
6
7
7
4
7
7
3
5
5
6
1
3
1
2
4
0
1
0
0
0
2
0
0
0
0
0
0
0
0
0
0
0
0
0
0
0
0
0
0
0
0
0
0
0
0
0
0
0
0
0
0
0
0
0
0
0
0
0
0
0
0
0
0
0
0
0
0
0
0
0
0
0
0
0
0
