#################################### 
# Matrix Size= (10,400,10)
# Resol      = (1,200,1)
# VoxelSize  = (10,2,10)
# nbVal      = 200
#################################### 
0
0
0
0
0
0
0
0
0
0
0
0
0
0
0
0
0
0
0
0
0
0
0
0
0
0
0
0
0
0
0
0
0
0
0
0
0
0
0
0
0
0
0
0
0
0
0
0
0
2.84329e-07
1.90699e-06
1.81095e-06
1.79413e-06
1.83133e-06
1.80689e-06
1.9135e-06
1.81638e-06
1.73776e-06
1.61256e-06
1.63464e-06
1.70762e-06
1.79319e-06
1.93898e-06
2.07343e-06
2.22733e-06
2.38516e-06
2.58182e-06
2.83255e-06
3.0536e-06
3.37824e-06
3.6733e-06
4.07305e-06
4.45244e-06
4.90099e-06
5.51865e-06
6.30981e-06
7.03551e-06
8.30931e-06
1.04818e-05
1.53653e-05
2.69236e-05
3.95463e-05
5.52459e-05
8.12441e-05
0.000127134
0.000227067
0.000551062
0.000762894
0.000838191
0.000876575
0.000898867
0.000910305
0.000917145
0.000922689
0.000925559
0.000925602
0.000922964
0.000916484
0.000905072
0.000890203
0.000868405
0.000829887
0.000760674
0.000553044
0.000234459
0.000134878
8.60856e-05
5.72074e-05
3.98893e-05
2.86762e-05
2.10595e-05
1.60102e-05
1.25645e-05
9.95075e-06
8.09735e-06
6.92524e-06
5.90656e-06
5.11082e-06
4.56524e-06
4.10446e-06
3.79452e-06
3.41555e-06
3.15563e-06
2.89328e-06
2.65416e-06
2.42015e-06
2.27921e-06
2.13839e-06
1.97657e-06
1.85724e-06
1.7345e-06
1.60596e-06
1.51795e-06
1.42657e-06
1.34075e-06
1.25208e-06
1.16989e-06
1.12692e-06
1.04178e-06
1.00178e-06
9.56011e-07
9.06234e-07
8.88153e-07
9.69694e-07
1.0705e-06
1.21772e-06
1.15598e-06
1.15612e-06
1.18707e-06
1.16494e-06
1.78532e-07
0
0
0
0
0
0
0
0
0
0
0
0
0
0
0
0
0
0
0
0
0
0
0
0
0
0
0
0
0
0
0
0
0
0
0
0
0
0
0
0
0
0
0
0
0
0
0
0
0
