#################################### 
# Matrix Size= (3000,10,10)
# Resol      = (1500,1,1)
# VoxelSize  = (2,10,10)
# nbVal      = 1500
#################################### 
0
0
0
0
0
0
0
0
0
0
0
0
0
0
0
0
0
0
0
0
0
0
0
0
0
0
0
0
0
0
0
0
0
0
0
0
0
0
0
0
0
0
0
0
0
0
0
0
0
0
0
0
0
0
0
0
0
0
0
0
0
0
0
0
0
0
0
0
0
0
0
0
0
0
0
0
0
0
0
0
0
0
0
0
0
0
0
0
0
0
0
0
0
0
0
0
0
0
0
0
0
0
0
0
0
0
0
0
0
0
0
0
0
0
0
0
0
0
0
0
0
0
0
0
0
0
0
0
0
0
0
0
0
0
0
0
0
0
0
0
0
0
0
0
0
0
0
0
0
0
0
0
0
0
0
0
0
0
0
0
0
0
0
0
0
0
0
0
0
0
0
0
0
0
0
0
0
0
0
0
0
0
0
0
0
0
0
0
0
0
0
0
0
0
0
0
0
0
0
0
0
0
0
0
0
0
0
0
0
0
0
0
0
0
0
0
0
0
0
0
0
0
0
0
0
0
0
0
0
0
0
0
0
0
0
0
0
0
0
0
0
0
0
0
0
0
0
0
0
0
0
0
0
0
0
0
0
0
0
0
0
0
0
0
0
0
0
0
0
0
0
0
0
0
0
0
0
0
0
0
0
0
0
0
0
0
0
0
0
0
0
0
0
0
0
0
0
0
0
0
0
0
0
0
0
0
0
0
0
0
0
0
0
0
0
0
0
0
0
0
0
0
0
0
0
0
0
0
0
0
0
0
0
0
0
0
0
0
0
0
0
0
0
0
0
0
0
0
0
0
0
0
0
0
0
0
0
0
0
0
0
0
0
0
0
0
0
0
0
0
0
0
0
0
0
0
0
0
0
0
0
0
0
0
0
0
0
0
0
0
0
0
0
0
0
0
0
0
0
0
0
0
0
0
0
0
0
0
0
0
0
0
0
0
0
0
0
0
0
0
0
0
0
0
0
0
0
0
0
0
0
0
0
0
0
0
0
0
0
0
0
0
0
0
0
0
0
0
0
0
0
0
0
0
0
0
0
0
0
0
0
0
0
0
0
0
0
0
0
0
0
0
0
0
0
0
0
0
0
0
0
0
0
0
0
0
0
0
0
0
0
0
0
0
0
0
0
0
0
0
0
0
0
0
0
0
0
0
0
0
0
0
0
0
0
0
0
0
0
0
0
0
0
0
0
0
0
0
0
0
0
0
0
0
0
0
0
0
0
0
0
0
0
0
0
0
0
0
0
0
0
0
0
0
0
0
0
0
0
0
0
0
0
0
0
0
0
0
0
0
0
0
0
0
0
0
0
0
0
0
0
0
0
0
0
0
0
0
0
0
0
0
0
0
0
0
0
0
0
0
0
0
0
0
0
0
0
0
0
0
0
0
0
0
0
0
0
0
0
0
0
0
0
0
0
0
0
0
0
0
0
0
0
0
0
0
0
0
0
0
0
0
0
0
0
0
0
0
0
0
0
0
0
0
0
0
0
0
0
0
0
0
0
0
0
0
0
0
0
0
0
0
0
0
2.48723e-06
1.27045e-05
1.46975e-05
1.49795e-05
1.52854e-05
1.54997e-05
1.56013e-05
1.57369e-05
1.57913e-05
1.59518e-05
1.59488e-05
1.60532e-05
1.62091e-05
1.65156e-05
1.64797e-05
1.65254e-05
1.68339e-05
1.68834e-05
1.71171e-05
1.72423e-05
1.73583e-05
1.74766e-05
1.75282e-05
1.744e-05
1.77098e-05
1.78256e-05
1.78161e-05
1.8012e-05
1.81147e-05
1.8089e-05
1.83295e-05
1.83519e-05
1.83431e-05
1.82835e-05
1.86199e-05
1.87406e-05
1.89275e-05
1.88735e-05
1.90947e-05
1.92984e-05
1.92464e-05
1.92304e-05
1.92223e-05
1.94161e-05
1.93399e-05
1.94789e-05
1.97253e-05
1.97816e-05
1.98141e-05
1.99428e-05
1.99848e-05
1.99749e-05
2.01664e-05
2.01061e-05
2.0087e-05
2.02099e-05
2.02891e-05
2.04563e-05
2.02917e-05
2.0278e-05
2.03763e-05
2.04048e-05
2.04734e-05
2.02858e-05
2.03614e-05
2.02535e-05
2.03277e-05
2.04948e-05
2.03453e-05
2.03497e-05
2.02168e-05
2.0022e-05
2.00907e-05
1.99718e-05
1.9811e-05
1.98976e-05
1.96669e-05
1.95756e-05
1.94999e-05
1.9332e-05
1.92596e-05
1.90986e-05
1.89172e-05
1.87006e-05
1.86072e-05
1.8439e-05
1.8142e-05
1.79709e-05
1.79109e-05
1.75861e-05
1.73838e-05
1.69839e-05
1.67596e-05
1.65409e-05
1.63099e-05
1.6111e-05
1.59528e-05
1.56741e-05
1.56449e-05
1.54515e-05
1.56059e-05
1.62247e-05
1.73021e-05
1.98265e-05
2.41513e-05
2.82166e-05
2.94387e-05
2.98066e-05
2.98079e-05
3.01333e-05
3.0396e-05
3.07292e-05
3.09104e-05
3.09938e-05
3.0791e-05
3.07049e-05
3.03675e-05
3.05477e-05
3.00444e-05
2.9874e-05
2.95147e-05
2.91058e-05
2.86263e-05
2.82549e-05
2.67031e-05
2.61554e-05
2.59031e-05
2.55095e-05
2.5108e-05
2.46168e-05
2.37566e-05
2.29384e-05
2.22701e-05
2.16623e-05
2.08975e-05
1.97954e-05
1.87929e-05
1.80165e-05
1.70892e-05
1.53177e-05
1.31161e-05
9.97944e-06
6.81369e-06
5.62119e-06
5.29842e-06
5.29759e-06
5.39812e-06
5.82527e-06
6.63208e-06
8.47713e-06
9.41641e-06
2.05494e-06
0
0
0
0
0
0
0
0
0
0
0
0
0
0
0
0
0
0
0
0
0
0
0
0
0
0
0
0
0
0
0
0
0
0
0
0
0
0
0
0
0
0
0
0
0
0
0
0
0
0
0
0
0
0
0
0
0
0
0
0
0
0
0
0
0
0
0
0
0
0
0
0
0
0
0
0
0
0
0
0
0
0
0
0
0
0
0
0
0
0
0
0
0
0
0
0
0
0
0
0
0
0
0
0
0
0
0
0
0
0
0
0
0
0
0
0
0
0
0
0
0
0
0
0
0
0
0
0
0
0
0
0
0
0
0
0
0
0
0
0
0
0
0
0
0
0
0
0
0
0
0
0
0
0
0
0
0
0
0
0
0
0
0
0
0
0
0
0
0
0
0
0
0
0
0
0
0
0
0
0
0
0
0
0
0
0
0
0
0
0
0
0
0
0
0
0
0
0
0
0
0
0
0
0
0
0
0
0
0
0
0
0
0
0
0
0
0
0
0
0
0
0
0
0
0
0
0
0
0
0
0
0
0
0
0
0
0
0
0
0
0
0
0
0
0
0
0
0
0
0
0
0
0
0
0
0
0
0
0
0
0
0
0
0
0
0
0
0
0
0
0
0
0
0
0
0
0
0
0
0
0
0
0
0
0
0
0
0
0
0
0
0
0
0
0
0
0
0
0
0
0
0
0
0
0
0
0
0
0
0
0
0
0
0
0
0
0
0
0
0
0
0
0
0
0
0
0
0
0
0
0
0
0
0
0
0
0
0
0
0
0
0
0
0
0
0
0
0
0
0
0
0
0
0
0
0
0
0
0
0
0
0
0
0
0
0
0
0
0
0
0
0
0
0
0
0
0
0
0
0
0
0
0
0
0
0
0
0
0
0
0
0
0
0
0
0
0
0
0
0
0
0
0
0
0
0
0
0
0
0
0
0
0
0
0
0
0
0
0
0
0
0
0
0
0
0
0
0
0
0
0
0
0
0
0
0
0
0
0
0
0
0
0
0
0
0
0
0
0
0
0
0
0
0
0
0
0
0
0
0
0
0
0
0
0
0
0
0
0
0
0
0
0
0
0
0
0
0
0
0
0
0
0
0
0
0
0
0
0
0
0
0
0
0
0
0
0
0
0
0
0
0
0
0
0
0
0
0
0
0
0
0
0
0
0
0
0
0
0
0
0
0
0
0
0
0
0
0
0
0
0
0
0
0
0
0
0
0
0
0
0
0
0
0
0
0
0
0
0
0
0
0
0
0
0
0
0
0
0
0
0
0
0
0
0
0
0
0
0
0
0
0
0
0
0
0
0
0
0
0
0
0
0
0
0
0
0
0
0
0
0
0
0
0
0
0
0
0
0
0
0
0
0
0
0
0
0
0
0
0
0
0
0
0
0
0
0
0
0
0
0
0
0
0
0
0
0
0
0
0
0
0
0
0
0
0
0
0
0
0
0
0
0
0
0
0
0
0
0
0
0
0
0
0
0
0
0
0
0
0
0
0
0
0
0
0
0
0
0
0
0
0
0
0
