#################################### 
# Matrix Size= (3000,10,10)
# Resol      = (1500,1,1)
# VoxelSize  = (2,10,10)
# nbVal      = 1500
#################################### 
0
0
0
0
0
0
0
0
0
0
0
0
0
0
0
0
0
0
0
0
0
0
0
0
0
0
0
0
0
0
0
0
0
0
0
0
0
0
0
0
0
0
0
0
0
0
0
0
0
0
0
0
0
0
0
0
0
0
0
0
0
0
0
0
0
0
0
0
0
0
0
0
0
0
0
0
0
0
0
0
0
0
0
0
0
0
0
0
0
0
0
0
0
0
0
0
0
0
0
0
0
0
0
0
0
0
0
0
0
0
0
0
0
0
0
0
0
0
0
0
0
0
0
0
0
0
0
0
0
0
0
0
0
0
0
0
0
0
0
0
0
0
0
0
0
0
0
0
0
0
0
0
0
0
0
0
0
0
0
0
0
0
0
0
0
0
0
0
0
0
0
0
0
0
0
0
0
0
0
0
0
0
0
0
0
0
0
0
0
0
0
0
0
0
0
0
0
0
0
0
0
0
0
0
0
0
0
0
0
0
0
0
0
0
0
0
0
0
0
0
0
0
0
0
0
0
0
0
0
0
0
0
0
0
0
0
0
0
0
0
0
0
0
0
0
0
0
0
0
0
0
0
0
0
0
0
0
0
0
0
0
0
0
0
0
0
0
0
0
0
0
0
0
0
0
0
0
0
0
0
0
0
0
0
0
0
0
0
0
0
0
0
0
0
0
0
0
0
0
0
0
0
0
0
0
0
0
0
0
0
0
0
0
0
0
0
0
0
0
0
0
0
0
0
0
0
0
0
0
0
0
0
0
0
0
0
0
0
0
0
0
0
0
0
0
0
0
0
0
0
0
0
0
0
0
0
0
0
0
0
0
0
0
0
0
0
0
0
0
0
0
0
0
0
0
0
0
0
0
0
0
0
0
0
0
0
0
0
0
0
0
0
0
0
0
0
0
0
0
0
0
0
0
0
0
0
0
0
0
0
0
0
0
0
0
0
0
0
0
0
0
0
0
0
0
0
0
0
0
0
0
0
0
0
0
0
0
0
0
0
0
0
0
0
0
0
0
0
0
0
0
0
0
0
0
0
0
0
0
0
0
0
0
0
0
0
0
0
0
0
0
0
0
0
0
0
0
0
0
0
0
0
0
0
0
0
0
0
0
0
0
0
0
0
0
0
0
0
0
0
0
0
0
0
0
0
0
0
0
0
0
0
0
0
0
0
0
0
0
0
0
0
0
0
0
0
0
0
0
0
0
0
0
0
0
0
0
0
0
0
0
0
0
0
0
0
0
0
0
0
0
0
0
0
0
0
0
0
0
0
0
0
0
0
0
0
0
0
0
0
0
0
0
0
0
0
0
0
0
0
0
0
0
0
0
0
0
0
0
0
0
0
0
0
0
0
0
0
0
0
0
0
0
0
0
0
0
0
0
0
0
0
0
0
0
0
0
0
0
0
0
0
0
0
0
0
0
0
0
0
0
0
0
0
0
0
0
0
0
0
0
0
0
0
0
0
0
0
0
0
0
0
0
0
0
0
0
0
0
0
0
0
0
0
0
0
0
0
0
0
0
0
0
0
4.90211e-08
2.24464e-07
2.18673e-07
2.24937e-07
2.20105e-07
2.25659e-07
2.35135e-07
2.47853e-07
2.53786e-07
2.57908e-07
2.80564e-07
2.79319e-07
2.86682e-07
3.00788e-07
3.07805e-07
3.15542e-07
3.20798e-07
3.29363e-07
3.41618e-07
3.40306e-07
3.50595e-07
3.85638e-07
3.76169e-07
3.77914e-07
4.0012e-07
4.06844e-07
4.2863e-07
4.30061e-07
4.38768e-07
4.45928e-07
4.65706e-07
4.83817e-07
5.02048e-07
5.1112e-07
5.08412e-07
5.33475e-07
5.56311e-07
5.77472e-07
5.78117e-07
6.01388e-07
5.98818e-07
6.20117e-07
6.26947e-07
6.55602e-07
6.83096e-07
6.9118e-07
7.0585e-07
7.1655e-07
7.495e-07
7.67617e-07
7.98427e-07
8.37948e-07
8.41525e-07
8.64356e-07
8.98298e-07
9.1292e-07
9.44257e-07
9.36378e-07
9.60665e-07
1.0241e-06
1.06341e-06
1.06966e-06
1.12709e-06
1.15288e-06
1.16537e-06
1.21403e-06
1.23618e-06
1.26183e-06
1.29961e-06
1.3519e-06
1.37357e-06
1.42982e-06
1.43897e-06
1.47608e-06
1.57667e-06
1.59882e-06
1.65068e-06
1.70392e-06
1.74368e-06
1.80136e-06
1.86868e-06
1.93901e-06
1.99351e-06
2.03506e-06
2.10178e-06
2.17536e-06
2.23692e-06
2.28435e-06
2.41359e-06
2.46343e-06
2.55548e-06
2.67295e-06
2.77656e-06
2.86946e-06
2.98897e-06
3.07995e-06
3.17577e-06
3.24957e-06
3.39607e-06
3.55822e-06
3.7577e-06
3.88307e-06
4.06203e-06
4.2796e-06
4.54906e-06
4.83889e-06
5.08607e-06
5.29488e-06
5.64056e-06
5.97757e-06
6.42096e-06
6.85409e-06
7.66183e-06
8.36512e-06
9.2773e-06
1.02519e-05
1.15448e-05
1.31106e-05
1.49622e-05
1.73023e-05
2.04661e-05
2.40787e-05
2.87228e-05
3.37295e-05
3.91209e-05
4.58938e-05
5.31193e-05
5.99915e-05
6.59313e-05
7.0907e-05
7.46071e-05
7.76997e-05
7.80961e-05
7.83223e-05
7.70961e-05
7.48897e-05
7.2833e-05
6.94822e-05
6.45576e-05
5.5651e-05
4.46947e-05
3.36293e-05
2.71314e-05
2.48005e-05
2.2967e-05
2.03185e-05
1.71829e-05
1.39945e-05
1.1704e-05
1.17339e-05
1.2198e-05
2.58236e-06
0
0
0
0
0
0
0
0
0
0
0
0
0
0
0
0
0
0
0
0
0
0
0
0
0
0
0
0
0
0
0
0
0
0
0
0
0
0
0
0
0
0
0
0
0
0
0
0
0
0
0
0
0
0
0
0
0
0
0
0
0
0
0
0
0
0
0
0
0
0
0
0
0
0
0
0
0
0
0
0
0
0
0
0
0
0
0
0
0
0
0
0
0
0
0
0
0
0
0
0
0
0
0
0
0
0
0
0
0
0
0
0
0
0
0
0
0
0
0
0
0
0
0
0
0
0
0
0
0
0
0
0
0
0
0
0
0
0
0
0
0
0
0
0
0
0
0
0
0
0
0
0
0
0
0
0
0
0
0
0
0
0
0
0
0
0
0
0
0
0
0
0
0
0
0
0
0
0
0
0
0
0
0
0
0
0
0
0
0
0
0
0
0
0
0
0
0
0
0
0
0
0
0
0
0
0
0
0
0
0
0
0
0
0
0
0
0
0
0
0
0
0
0
0
0
0
0
0
0
0
0
0
0
0
0
0
0
0
0
0
0
0
0
0
0
0
0
0
0
0
0
0
0
0
0
0
0
0
0
0
0
0
0
0
0
0
0
0
0
0
0
0
0
0
0
0
0
0
0
0
0
0
0
0
0
0
0
0
0
0
0
0
0
0
0
0
0
0
0
0
0
0
0
0
0
0
0
0
0
0
0
0
0
0
0
0
0
0
0
0
0
0
0
0
0
0
0
0
0
0
0
0
0
0
0
0
0
0
0
0
0
0
0
0
0
0
0
0
0
0
0
0
0
0
0
0
0
0
0
0
0
0
0
0
0
0
0
0
0
0
0
0
0
0
0
0
0
0
0
0
0
0
0
0
0
0
0
0
0
0
0
0
0
0
0
0
0
0
0
0
0
0
0
0
0
0
0
0
0
0
0
0
0
0
0
0
0
0
0
0
0
0
0
0
0
0
0
0
0
0
0
0
0
0
0
0
0
0
0
0
0
0
0
0
0
0
0
0
0
0
0
0
0
0
0
0
0
0
0
0
0
0
0
0
0
0
0
0
0
0
0
0
0
0
0
0
0
0
0
0
0
0
0
0
0
0
0
0
0
0
0
0
0
0
0
0
0
0
0
0
0
0
0
0
0
0
0
0
0
0
0
0
0
0
0
0
0
0
0
0
0
0
0
0
0
0
0
0
0
0
0
0
0
0
0
0
0
0
0
0
0
0
0
0
0
0
0
0
0
0
0
0
0
0
0
0
0
0
0
0
0
0
0
0
0
0
0
0
0
0
0
0
0
0
0
0
0
0
0
0
0
0
0
0
0
0
0
0
0
0
0
0
0
0
0
0
0
0
0
0
0
0
0
0
0
0
0
0
0
0
0
0
0
0
0
0
0
0
0
0
0
0
0
0
0
0
0
0
0
0
0
0
0
0
0
0
0
0
0
0
0
0
0
0
0
0
0
0
0
0
0
0
0
0
0
0
0
0
0
0
0
0
0
0
0
0
0
0
0
0
0
0
0
0
