#################################### 
# Matrix Size= (10,400,10)
# Resol      = (1,200,1)
# VoxelSize  = (10,2,10)
# nbVal      = 200
#################################### 
0
0
0
0
0
0
0
0
0
0
0
0
0
0
0
0
0
0
0
0
0
0
0
0
0
0
0
0
0
0
0
0
0
0
0
0
0
0
0
0
0
0
0
0
0
0
0
0
0
3.41821e-07
2.23873e-06
2.14992e-06
1.98764e-06
1.81522e-06
1.84596e-06
2.58102e-06
3.49432e-06
4.27208e-06
4.50195e-06
4.73212e-06
4.92507e-06
5.19436e-06
5.45399e-06
5.74205e-06
6.03382e-06
6.42533e-06
6.75275e-06
7.0524e-06
7.37522e-06
7.73986e-06
8.14428e-06
8.59234e-06
9.08674e-06
9.69593e-06
1.0323e-05
1.09382e-05
1.19961e-05
1.36737e-05
1.65894e-05
2.24646e-05
3.52131e-05
4.55156e-05
5.16961e-05
5.66386e-05
5.79653e-05
5.34835e-05
4.62589e-05
4.4752e-05
4.54695e-05
4.56904e-05
4.58018e-05
4.59196e-05
4.59117e-05
4.58483e-05
4.55275e-05
4.59167e-05
4.63253e-05
4.7863e-05
5.15247e-05
6.18421e-05
7.83853e-05
8.58283e-05
8.4685e-05
8.18425e-05
7.6469e-05
6.9384e-05
6.15928e-05
5.29269e-05
4.518e-05
3.80772e-05
3.15105e-05
2.57628e-05
2.10178e-05
1.72054e-05
1.43103e-05
1.19361e-05
9.85351e-06
8.14263e-06
6.85784e-06
5.60677e-06
4.72282e-06
3.8917e-06
3.36638e-06
3.01834e-06
2.78186e-06
2.52811e-06
2.32141e-06
2.14323e-06
1.95766e-06
1.81225e-06
1.67052e-06
1.54565e-06
1.44729e-06
1.32982e-06
1.23738e-06
1.17342e-06
1.11103e-06
1.07083e-06
1.0332e-06
1.06946e-06
1.10649e-06
1.22508e-06
1.38202e-06
1.6937e-06
2.17267e-06
2.40878e-06
2.32527e-06
2.14437e-06
2.24521e-06
2.30617e-06
3.3545e-07
0
0
0
0
0
0
0
0
0
0
0
0
0
0
0
0
0
0
0
0
0
0
0
0
0
0
0
0
0
0
0
0
0
0
0
0
0
0
0
0
0
0
0
0
0
0
0
0
0
