#################################### 
# Matrix Size= (10,400,10)
# Resol      = (1,200,1)
# VoxelSize  = (10,2,10)
# nbVal      = 200
#################################### 
0
0
0
0
0
0
0
0
0
0
0
0
0
0
0
0
0
0
0
0
0
0
0
0
0
0
0
0
0
0
0
0
0
0
0
0
0
0
0
0
0
0
0
0
0
0
0
0
0
0
0
0
0
0
0
6
6
7
9
8
13
7
7
8
9
7
11
18
22
13
30
12
19
15
22
24
59
79
110
238
350
239
286
327
338
335
490
549
541
555
526
526
545
548
576
570
553
620
636
736
630
492
511
464
453
452
372
347
274
201
195
136
125
88
49
53
35
20
9
10
5
7
0
0
0
0
0
0
0
0
0
1
0
1
0
0
0
0
2
7
4
5
10
15
8
3
2
0
0
0
0
0
0
0
0
0
0
0
0
0
0
0
0
0
0
0
0
0
0
0
0
0
0
0
0
0
0
0
0
0
0
0
0
0
0
0
0
0
0
0
0
0
0
0
0
0
0
0
0
0
