#################################### 
# Matrix Size= (10,400,10)
# Resol      = (1,200,1)
# VoxelSize  = (10,2,10)
# nbVal      = 200
#################################### 
0
0
0
0
0
0
0
0
0
0
0
0
0
0
0
0
0
0
0
0
0
0
0
0
0
0
0
0
0
0
0
0
0
0
0
0
0
0
0
0
0
0
0
0
0
0
0
0
0
3.24982e-06
2.19899e-05
2.24791e-05
2.32295e-05
2.47569e-05
2.83203e-05
8.77298e-05
0.00022142
0.000377498
0.000480483
0.0005356
0.000564198
0.000577249
0.000583061
0.00058185
0.000579809
0.000573856
0.000568878
0.00056179
0.000554374
0.000548328
0.000541305
0.000534531
0.000526318
0.000520709
0.000513911
0.000506845
0.000500527
0.00049291
0.000487163
0.000478974
0.000468281
0.000463548
0.000461672
0.000453663
0.000447207
0.000440965
0.000436838
0.000432317
0.000429809
0.000427146
0.000423425
0.000418836
0.000415111
0.000411024
0.000405767
0.000400532
0.000396118
0.000391198
0.000383716
0.000376977
0.000368684
0.000364629
0.000359071
0.000353732
0.000349871
0.000346302
0.000342395
0.000339599
0.000336168
0.00033335
0.000330004
0.000327038
0.000324409
0.000322053
0.000319287
0.00031656
0.000314689
0.000312844
0.000310482
0.00031
0.000310652
0.00030693
0.000304667
0.000302983
0.000299257
0.000297008
0.00029413
0.000290127
0.000287016
0.000282833
0.000281374
0.000277645
0.000273914
0.000270995
0.000267566
0.000264195
0.000260735
0.000257829
0.000254487
0.000251342
0.000247785
0.000243732
0.000240629
0.000234228
0.000212445
0.000169603
0.000135862
0.000123646
0.000120495
0.00011589
1.62729e-05
0
0
0
0
0
0
0
0
0
0
0
0
0
0
0
0
0
0
0
0
0
0
0
0
0
0
0
0
0
0
0
0
0
0
0
0
0
0
0
0
0
0
0
0
0
0
0
0
0
