#################################### 
# Matrix Size= (10,400,10)
# Resol      = (1,200,1)
# VoxelSize  = (10,2,10)
# nbVal      = 200
#################################### 
0
0
0
0
0
0
0
0
0
0
0
0
0
0
0
0
0
0
0
0
0
0
0
0
0
0
0
0
0
0
0
0
0
0
0
0
0
0
0
0
0
0
0
0
0
0
0
0
0
0
0
1
1
1
23
819
3040
5671
7211
7935
8546
8546
8554
8484
8379
8439
8333
8149
8076
7976
7841
7823
7657
7570
7729
7537
7483
7386
7201
7116
5161
2168
2299
2310
2310
2414
3628
4550
5218
5319
5351
5095
5091
5079
5098
5065
4877
4831
4344
3778
2338
1941
1987
1805
1828
1804
1828
1890
1848
1746
1745
1796
1774
1801
1724
1715
1777
1773
1717
1787
3058
4941
4940
5069
4759
4860
4847
4649
4763
4585
4576
4489
4518
4496
4359
4349
4152
4269
4142
4193
4046
4086
4007
3797
2665
1071
126
3
8
6
0
0
0
0
0
0
0
0
0
0
0
0
0
0
0
0
0
0
0
0
0
0
0
0
0
0
0
0
0
0
0
0
0
0
0
0
0
0
0
0
0
0
0
0
0
0
0
0
0
0
