#################################### 
# Matrix Size= (10,400,10)
# Resol      = (1,200,1)
# VoxelSize  = (10,2,10)
# nbVal      = 200
#################################### 
0
0
0
0
0
0
0
0
0
0
0
0
0
0
0
0
0
0
0
0
0
0
0
0
0
0
0
0
0
0
0
0
0
0
0
0
0
0
0
0
0
0
0
0
0
0
0
0
0
1
8
11
7
8
91
2128
5762
8508
9223
9520
8312
8983
8242
8513
8273
8559
8875
7350
8491
7686
7906
7781
7628
8342
6897
7720
7240
7211
7149
7012
5791
1795
2596
2195
2473
2719
3368
4935
4875
5402
5156
5184
5273
4842
5297
4717
4984
4721
4443
4388
2194
2306
1788
1959
1740
2009
2256
1603
2032
1635
1987
1766
1839
2202
1478
1887
1667
2038
1874
1822
3105
4601
4951
4839
4802
4962
4505
5090
4386
4729
4449
4476
4760
4122
4498
4088
4271
4176
4088
4497
3724
4292
3846
3913
3016
1541
297
5
20
28
3
0
0
0
0
0
0
0
0
0
0
0
0
0
0
0
0
0
0
0
0
0
0
0
0
0
0
0
0
0
0
0
0
0
0
0
0
0
0
0
0
0
0
0
0
0
0
0
0
0
