#################################### 
# Matrix Size= (10,400,10)
# Resol      = (1,200,1)
# VoxelSize  = (10,2,10)
# nbVal      = 200
#################################### 
0
0
0
0
0
0
0
0
0
0
0
0
0
0
0
0
0
0
0
0
0
0
0
0
0
0
0
0
0
0
0
0
0
0
0
0
0
0
0
0
0
0
0
0
0
0
0
0
0
2.39402e-06
1.67455e-05
1.61534e-05
1.63885e-05
1.59084e-05
1.55198e-05
1.48955e-05
1.36255e-05
1.30099e-05
1.3634e-05
1.5551e-05
1.80376e-05
2.02786e-05
2.2477e-05
2.43225e-05
2.58717e-05
2.7287e-05
2.86623e-05
3.00992e-05
3.1042e-05
3.20808e-05
3.34178e-05
3.41798e-05
3.55456e-05
3.65953e-05
3.72283e-05
3.80775e-05
3.88431e-05
3.94529e-05
4.0085e-05
4.1284e-05
4.78128e-05
6.57287e-05
7.79517e-05
8.60154e-05
9.11496e-05
9.0511e-05
7.82455e-05
6.30738e-05
5.49939e-05
5.08898e-05
4.9268e-05
4.8486e-05
4.81943e-05
4.80101e-05
4.82316e-05
4.83646e-05
4.86398e-05
4.91055e-05
4.92137e-05
5.09406e-05
5.85936e-05
7.28342e-05
8.23307e-05
8.8832e-05
9.30279e-05
9.42309e-05
9.46842e-05
9.46681e-05
9.4926e-05
9.5206e-05
9.51611e-05
9.48872e-05
9.46853e-05
9.44456e-05
9.49405e-05
9.56363e-05
9.49961e-05
9.42149e-05
9.386e-05
9.35732e-05
8.68561e-05
6.76359e-05
5.77367e-05
5.42535e-05
5.29384e-05
5.29703e-05
5.38979e-05
5.44753e-05
5.53528e-05
5.6267e-05
5.76209e-05
5.83705e-05
5.91179e-05
6.0268e-05
6.07718e-05
6.17192e-05
6.24877e-05
6.34135e-05
6.39332e-05
6.46096e-05
6.51051e-05
6.57313e-05
6.59992e-05
6.55846e-05
6.19398e-05
5.60795e-05
5.57872e-05
6.17096e-05
6.78959e-05
7.12741e-05
1.06321e-05
0
0
0
0
0
0
0
0
0
0
0
0
0
0
0
0
0
0
0
0
0
0
0
0
0
0
0
0
0
0
0
0
0
0
0
0
0
0
0
0
0
0
0
0
0
0
0
0
0
