#################################### 
# Matrix Size= (10,400,10)
# Resol      = (1,200,1)
# VoxelSize  = (10,2,10)
# nbVal      = 200
#################################### 
0
0
0
0
0
0
0
0
0
0
0
0
0
0
0
0
0
0
0
0
0
0
0
0
0
0
0
0
0
0
0
0
0
0
0
0
0
0
0
0
0
0
0
0
0
0
0
0
0
3.61597
25.293
24.3987
24.7538
24.0288
379.198
5262.53
11829.9
16976.7
18927.7
21611
25079.6
28177.9
31231.7
33792.8
35969.9
37892
39791.1
41863.2
43122.5
44573.5
46425.8
47490
49346.6
50830.1
51773.2
52976.7
53984.4
54847.2
55736.3
57401.2
47885.9
29076.2
36416.7
40569.3
43302
46631.6
71191.7
71229.8
66622.9
62649.6
60606.5
59675.4
59144
58965.7
59465.2
59435.1
59613.7
59904.8
58139.8
55249.1
38715.5
33886.5
38364.7
39512.6
40959
43921.1
44954.5
46003.6
45642.6
45356.5
45482.2
45861.7
46012.7
46948.7
43902
44694.8
46377.3
47430.5
45350
45927.3
68999.8
93751.8
80340.5
75419.4
73615.3
73748.1
74809.1
75653
76960.1
78244.2
80096.4
81085.9
82186.2
83783.1
84560
85762.6
86851.8
88225.3
88837.3
89792.1
90538.2
91285.9
91728.2
89080.2
68362.3
31019.1
4888.62
184.715
601.111
743.831
29.4236
0
0
0
0
0
0
0
0
0
0
0
0
0
0
0
0
0
0
0
0
0
0
0
0
0
0
0
0
0
0
0
0
0
0
0
0
0
0
0
0
0
0
0
0
0
0
0
0
0
