#################################### 
# Matrix Size= (3000,10,10)
# Resol      = (1500,1,1)
# VoxelSize  = (2,10,10)
# nbVal      = 1500
#################################### 
0
0
0
0
0
0
0
0
0
0
0
0
0
0
0
0
0
0
0
0
0
0
0
0
0
0
0
0
0
0
0
0
0
0
0
0
0
0
0
0
0
0
0
0
0
0
0
0
0
0
0
0
0
0
0
0
0
0
0
0
0
0
0
0
0
0
0
0
0
0
0
0
0
0
0
0
0
0
0
0
0
0
0
0
0
0
0
0
0
0
0
0
0
0
0
0
0
0
0
0
0
0
0
0
0
0
0
0
0
0
0
0
0
0
0
0
0
0
0
0
0
0
0
0
0
0
0
0
0
0
0
0
0
0
0
0
0
0
0
0
0
0
0
0
0
0
0
0
0
0
0
0
0
0
0
0
0
0
0
0
0
0
0
0
0
0
0
0
0
0
0
0
0
0
0
0
0
0
0
0
0
0
0
0
0
0
0
0
0
0
0
0
0
0
0
0
0
0
0
0
0
0
0
0
0
0
0
0
0
0
0
0
0
0
0
0
0
0
0
0
0
0
0
0
0
0
0
0
0
0
0
0
0
0
0
0
0
0
0
0
0
0
0
0
0
0
0
0
0
0
0
0
0
0
0
0
0
0
0
0
0
0
0
0
0
0
0
0
0
0
0
0
0
0
0
0
0
0
0
0
0
0
0
0
0
0
0
0
0
0
0
0
0
0
0
0
0
0
0
0
0
0
0
0
0
0
0
0
0
0
0
0
0
0
0
0
0
0
0
0
0
0
0
0
0
0
0
0
0
0
0
0
0
0
0
0
0
0
0
0
0
0
0
0
0
0
0
0
0
0
0
0
0
0
0
0
0
0
0
0
0
0
0
0
0
0
0
0
0
0
0
0
0
0
0
0
0
0
0
0
0
0
0
0
0
0
0
0
0
0
0
0
0
0
0
0
0
0
0
0
0
0
0
0
0
0
0
0
0
0
0
0
0
0
0
0
0
0
0
0
0
0
0
0
0
0
0
0
0
0
0
0
0
0
0
0
0
0
0
0
0
0
0
0
0
0
0
0
0
0
0
0
0
0
0
0
0
0
0
0
0
0
0
0
0
0
0
0
0
0
0
0
0
0
0
0
0
0
0
0
0
0
0
0
0
0
0
0
0
0
0
0
0
0
0
0
0
0
0
0
0
0
0
0
0
0
0
0
0
0
0
0
0
0
0
0
0
0
0
0
0
0
0
0
0
0
0
0
0
0
0
0
0
0
0
0
0
0
0
0
0
0
0
0
0
0
0
0
0
0
0
0
0
0
0
0
0
0
0
0
0
0
0
0
0
0
0
0
0
0
0
0
0
0
0
0
0
0
0
0
0
0
0
0
0
0
0
0
0
0
0
0
0
0
0
0
0
0
0
0
0
0
0
0
0
0
0
0
0
0
0
0
0
0
0
0
0
0
0
0
0
0
0
0
0
0
0
0
0
0
0
0
0
0
0
0
0
0
0
0
0
0
0
0
0
0
0
0
0
0
0
0
0
0
0
0
0
0
0
0
0
0
0
0
0
0
0
0
0
0
0
0
0
0
2.38238e-08
9.01467e-08
7.48016e-08
6.87404e-08
6.74431e-08
7.84735e-08
7.69577e-08
7.8949e-08
8.61504e-08
7.97305e-08
8.71105e-08
9.2938e-08
9.37336e-08
1.01064e-07
1.04426e-07
1.06401e-07
1.15413e-07
1.15337e-07
1.136e-07
1.27314e-07
1.19724e-07
1.42717e-07
1.40223e-07
1.49221e-07
1.44871e-07
1.56582e-07
1.59554e-07
1.7083e-07
1.70467e-07
1.78129e-07
1.86208e-07
1.97585e-07
1.97822e-07
2.02882e-07
2.16455e-07
2.14369e-07
2.30061e-07
2.44701e-07
2.51251e-07
2.62116e-07
2.71715e-07
2.80754e-07
2.95028e-07
2.94382e-07
3.08826e-07
3.35127e-07
3.32724e-07
3.57116e-07
3.64189e-07
3.77952e-07
3.99391e-07
4.24826e-07
4.44937e-07
4.55905e-07
4.71361e-07
4.86132e-07
5.04828e-07
5.39678e-07
5.58151e-07
6.02713e-07
6.02711e-07
6.34237e-07
6.63696e-07
7.01294e-07
7.27192e-07
7.46414e-07
7.99561e-07
8.43238e-07
8.87951e-07
9.27117e-07
9.80169e-07
1.02358e-06
1.06098e-06
1.11816e-06
1.18094e-06
1.2457e-06
1.31541e-06
1.40572e-06
1.46838e-06
1.534e-06
1.6452e-06
1.6958e-06
1.83222e-06
1.92647e-06
2.02133e-06
2.14233e-06
2.27368e-06
2.464e-06
2.62914e-06
2.80512e-06
2.96651e-06
3.18562e-06
3.49227e-06
3.69821e-06
3.901e-06
4.27626e-06
4.59606e-06
4.97513e-06
5.38155e-06
5.78727e-06
6.31648e-06
6.79054e-06
7.34294e-06
8.14962e-06
9.26147e-06
1.04172e-05
1.20827e-05
1.38371e-05
1.61551e-05
1.91938e-05
2.3023e-05
2.81489e-05
3.57087e-05
4.58182e-05
5.89699e-05
7.0537e-05
7.85533e-05
8.47284e-05
8.83754e-05
9.13413e-05
9.2935e-05
9.51492e-05
9.61139e-05
9.80696e-05
9.4116e-05
9.22414e-05
9.05832e-05
8.85194e-05
8.52945e-05
8.13383e-05
7.40334e-05
6.482e-05
5.12206e-05
3.88768e-05
2.99294e-05
2.3839e-05
1.92346e-05
1.61068e-05
1.37059e-05
1.20159e-05
1.06775e-05
9.4508e-06
8.38881e-06
7.58978e-06
6.95756e-06
6.42992e-06
5.78151e-06
5.29313e-06
4.91883e-06
4.33766e-06
2.49247e-06
4.54128e-07
0
0
0
0
0
0
0
0
0
0
0
0
0
0
0
0
0
0
0
0
0
0
0
0
0
0
0
0
0
0
0
0
0
0
0
0
0
0
0
0
0
0
0
0
0
0
0
0
0
0
0
0
0
0
0
0
0
0
0
0
0
0
0
0
0
0
0
0
0
0
0
0
0
0
0
0
0
0
0
0
0
0
0
0
0
0
0
0
0
0
0
0
0
0
0
0
0
0
0
0
0
0
0
0
0
0
0
0
0
0
0
0
0
0
0
0
0
0
0
0
0
0
0
0
0
0
0
0
0
0
0
0
0
0
0
0
0
0
0
0
0
0
0
0
0
0
0
0
0
0
0
0
0
0
0
0
0
0
0
0
0
0
0
0
0
0
0
0
0
0
0
0
0
0
0
0
0
0
0
0
0
0
0
0
0
0
0
0
0
0
0
0
0
0
0
0
0
0
0
0
0
0
0
0
0
0
0
0
0
0
0
0
0
0
0
0
0
0
0
0
0
0
0
0
0
0
0
0
0
0
0
0
0
0
0
0
0
0
0
0
0
0
0
0
0
0
0
0
0
0
0
0
0
0
0
0
0
0
0
0
0
0
0
0
0
0
0
0
0
0
0
0
0
0
0
0
0
0
0
0
0
0
0
0
0
0
0
0
0
0
0
0
0
0
0
0
0
0
0
0
0
0
0
0
0
0
0
0
0
0
0
0
0
0
0
0
0
0
0
0
0
0
0
0
0
0
0
0
0
0
0
0
0
0
0
0
0
0
0
0
0
0
0
0
0
0
0
0
0
0
0
0
0
0
0
0
0
0
0
0
0
0
0
0
0
0
0
0
0
0
0
0
0
0
0
0
0
0
0
0
0
0
0
0
0
0
0
0
0
0
0
0
0
0
0
0
0
0
0
0
0
0
0
0
0
0
0
0
0
0
0
0
0
0
0
0
0
0
0
0
0
0
0
0
0
0
0
0
0
0
0
0
0
0
0
0
0
0
0
0
0
0
0
0
0
0
0
0
0
0
0
0
0
0
0
0
0
0
0
0
0
0
0
0
0
0
0
0
0
0
0
0
0
0
0
0
0
0
0
0
0
0
0
0
0
0
0
0
0
0
0
0
0
0
0
0
0
0
0
0
0
0
0
0
0
0
0
0
0
0
0
0
0
0
0
0
0
0
0
0
0
0
0
0
0
0
0
0
0
0
0
0
0
0
0
0
0
0
0
0
0
0
0
0
0
0
0
0
0
0
0
0
0
0
0
0
0
0
0
0
0
0
0
0
0
0
0
0
0
0
0
0
0
0
0
0
0
0
0
0
0
0
0
0
0
0
0
0
0
0
0
0
0
0
0
0
0
0
0
0
0
0
0
0
0
0
0
0
0
0
0
0
0
0
0
0
0
0
0
0
0
0
0
0
0
0
0
0
0
0
0
0
0
0
0
0
0
0
0
0
0
0
0
0
0
0
0
0
0
0
0
0
0
0
0
0
0
0
0
0
0
0
0
0
0
0
0
0
0
0
0
0
0
0
