#################################### 
# Matrix Size= (10,400,10)
# Resol      = (1,200,1)
# VoxelSize  = (10,2,10)
# nbVal      = 200
#################################### 
0
0
0
0
0
0
0
0
0
0
0
0
0
0
0
0
0
0
0
0
0
0
0
0
0
0
0
0
0
0
0
0
0
0
0
0
0
0
0
0
0
0
0
0
0
0
0
0
0
0
0
0
0
0
0
0
1
0
0
2
1
2
2
3
7
4
10
15
17
20
25
30
20
35
34
25
40
54
49
55
59
23
25
23
31
28
51
65
79
90
80
95
76
75
90
93
104
101
110
111
55
36
35
54
34
43
46
47
60
54
53
61
58
53
42
56
44
48
54
50
92
153
149
163
135
145
207
242
237
290
317
366
375
403
421
491
480
490
502
572
483
638
587
655
500
272
54
0
1
4
0
0
0
0
0
0
0
0
0
0
0
0
0
0
0
0
0
0
0
0
0
0
0
0
0
0
0
0
0
0
0
0
0
0
0
0
0
0
0
0
0
0
0
0
0
0
0
0
0
0
