#################################### 
# Matrix Size= (10,400,10)
# Resol      = (1,200,1)
# VoxelSize  = (10,2,10)
# nbVal      = 200
#################################### 
0
0
0
0
0
0
0
0
0
0
0
0
0
0
0
0
0
0
0
0
0
0
0
0
0
0
0
0
0
0
0
0
0
0
0
0
0
0
0
0
0
0
0
0
0
0
0
0
0
0
1
0
1
0
1
32
118
169
231
261
275
311
328
284
353
330
347
359
336
377
354
384
357
369
421
448
422
429
461
466
523
387
496
556
589
566
762
666
642
548
524
518
508
481
537
534
530
541
565
623
523
475
512
542
582
591
616
627
580
625
671
622
623
688
631
661
659
674
657
660
885
1111
935
915
788
848
857
806
894
858
909
868
959
878
925
967
1013
933
996
1002
960
988
993
961
658
304
39
3
3
4
1
0
0
0
0
0
0
0
0
0
0
0
0
0
0
0
0
0
0
0
0
0
0
0
0
0
0
0
0
0
0
0
0
0
0
0
0
0
0
0
0
0
0
0
0
0
0
0
0
0
