#################################### 
# Matrix Size= (10,400,10)
# Resol      = (1,200,1)
# VoxelSize  = (10,2,10)
# nbVal      = 200
#################################### 
0
0
0
0
0
0
0
0
0
0
0
0
0
0
0
0
0
0
0
0
0
0
0
0
0
0
0
0
0
0
0
0
0
0
0
0
0
0
0
0
0
0
0
0
0
0
0
0
0
3.07546e-05
0.000217325
0.000228813
0.000240568
0.000252055
0.000265762
0.000334849
0.000418225
0.000482656
0.000498397
0.000507559
0.000513644
0.000519848
0.000528081
0.000534167
0.000541913
0.000549118
0.000556583
0.000563022
0.000570713
0.000578373
0.000585002
0.000593329
0.000599886
0.000607008
0.000614484
0.000620564
0.000628353
0.000634128
0.000639588
0.000641904
0.00065255
0.000649892
0.000656073
0.000665458
0.000673547
0.000680966
0.000692762
0.000704003
0.000718033
0.000727791
0.000737813
0.000744976
0.000753589
0.00076129
0.000768147
0.000776105
0.000778976
0.000782635
0.000782295
0.000786163
0.000787956
0.000792109
0.000799114
0.000805995
0.000813328
0.000820213
0.000829755
0.000836992
0.000843154
0.000853082
0.00086087
0.000871129
0.000879997
0.000891779
0.000903173
0.000916245
0.000932215
0.000946268
0.00096222
0.000975315
0.000977418
0.0010023
0.00101551
0.00103112
0.0010433
0.00105927
0.0010713
0.0010864
0.00110177
0.00111482
0.00113118
0.00114455
0.00116018
0.00117475
0.00118818
0.00120326
0.00121268
0.00122315
0.00122292
0.00121712
0.00119337
0.00114116
0.0010453
0.000858713
0.000558078
0.000248208
8.61029e-05
6.27465e-05
6.12344e-05
5.35148e-05
6.98303e-06
0
0
0
0
0
0
0
0
0
0
0
0
0
0
0
0
0
0
0
0
0
0
0
0
0
0
0
0
0
0
0
0
0
0
0
0
0
0
0
0
0
0
0
0
0
0
0
0
0
