#################################### 
# Matrix Size= (10,400,10)
# Resol      = (1,200,1)
# VoxelSize  = (10,2,10)
# nbVal      = 200
#################################### 
0
0
0
0
0
0
0
0
0
0
0
0
0
0
0
0
0
0
0
0
0
0
0
0
0
0
0
0
0
0
0
0
0
0
0
0
0
0
0
0
0
0
0
0
0
0
0
0
0
6
5
13
11
9
273
2354
5809
7535
8633
7717
9108
8542
8608
8877
8463
9382
8493
9742
9250
9334
9726
8980
10252
9333
10168
9891
9815
10336
9792
11235
7147
3539
4015
3447
4301
3459
6598
7891
8818
9331
8859
9608
8530
10314
9723
9373
10099
9318
9608
7137
6217
4584
4194
4564
3557
5108
4209
5182
5050
4361
5291
4136
5589
4722
4835
5124
4669
5813
4286
5967
9021
14953
15121
14782
16163
14300
16871
15694
16103
16590
15725
17362
15238
18387
17273
17703
17990
17150
18844
16952
19643
18876
18675
18705
13341
6661
713
32
178
99
0
0
0
0
0
0
0
0
0
0
0
0
0
0
0
0
0
0
0
0
0
0
0
0
0
0
0
0
0
0
0
0
0
0
0
0
0
0
0
0
0
0
0
0
0
0
0
0
0
0
