#################################### 
# Matrix Size= (10,400,10)
# Resol      = (1,200,1)
# VoxelSize  = (10,2,10)
# nbVal      = 200
#################################### 
0
0
0
0
0
0
0
0
0
0
0
0
0
0
0
0
0
0
0
0
0
0
0
0
0
0
0
0
0
0
0
0
0
0
0
0
0
0
0
0
0
0
0
0
0
0
0
0
0
0
0
1
2
2
64
1768
4638
7456
8246
8403
8530
8622
8702
8853
9062
9000
9075
9391
9246
9458
9370
9797
9817
9805
9906
9834
10125
10309
10435
10203
7632
3361
3531
3594
3667
3836
5844
7609
8899
9170
9301
9349
9345
9419
9710
9839
9959
9941
9397
8149
5251
4158
4270
3942
3853
4174
4326
4465
4440
4468
4515
4468
4564
4805
4496
4548
5010
4918
4956
5023
8468
14958
15302
15405
15522
15772
15624
16001
16450
16107
16584
16855
16916
17108
17159
17780
17762
17946
17893
17979
17700
17008
15756
12678
7848
2621
203
2
2
8
0
0
0
0
0
0
0
0
0
0
0
0
0
0
0
0
0
0
0
0
0
0
0
0
0
0
0
0
0
0
0
0
0
0
0
0
0
0
0
0
0
0
0
0
0
0
0
0
0
0
