#################################### 
# Matrix Size= (10,400,10)
# Resol      = (1,200,1)
# VoxelSize  = (10,2,10)
# nbVal      = 200
#################################### 
0
0
0
0
0
0
0
0
0
0
0
0
0
0
0
0
0
0
0
0
0
0
0
0
0
0
0
0
0
0
0
0
0
0
0
0
0
0
0
0
0
0
0
0
0
0
0
0
0
3.10264e-06
2.14958e-05
2.24251e-05
2.31927e-05
2.44719e-05
2.85455e-05
8.7996e-05
0.000220807
0.000376988
0.000479412
0.000534037
0.000563025
0.000577694
0.00058304
0.000581882
0.000579756
0.000573098
0.000567946
0.000560646
0.000554821
0.000548652
0.000541129
0.000535002
0.000527282
0.00052048
0.00051354
0.000506354
0.000500445
0.000493304
0.000487738
0.000479643
0.000468823
0.000464252
0.000460835
0.000453479
0.000446287
0.000440661
0.000437457
0.000431684
0.000429297
0.000426464
0.000423363
0.000419149
0.000414525
0.000410183
0.000405534
0.000400519
0.000395359
0.000390013
0.000382359
0.000376996
0.0003688
0.000364791
0.000359716
0.00035351
0.000349874
0.000346189
0.000342519
0.000339376
0.00033518
0.000332496
0.000330129
0.000327314
0.000325024
0.000321558
0.000319122
0.000316981
0.000315155
0.00031286
0.000311029
0.000308817
0.000308909
0.000306637
0.000303503
0.000302577
0.000300146
0.000297289
0.000294121
0.000290522
0.000287204
0.0002839
0.000280983
0.000276884
0.000273753
0.000270268
0.000266691
0.000264345
0.00026072
0.000257424
0.000253602
0.000250429
0.000247465
0.000243802
0.00024087
0.000233813
0.000212659
0.000170372
0.000137125
0.000124529
0.000121255
0.00011591
1.62256e-05
0
0
0
0
0
0
0
0
0
0
0
0
0
0
0
0
0
0
0
0
0
0
0
0
0
0
0
0
0
0
0
0
0
0
0
0
0
0
0
0
0
0
0
0
0
0
0
0
0
