#################################### 
# Matrix Size= (10,400,10)
# Resol      = (1,200,1)
# VoxelSize  = (10,2,10)
# nbVal      = 200
#################################### 
0
0
0
0
0
0
0
0
0
0
0
0
0
0
0
0
0
0
0
0
0
0
0
0
0
0
0
0
0
0
0
0
0
0
0
0
0
0
0
0
0
0
0
0
0
0
0
0
0
0
0
0
0
1
20
823
3013
5651
7133
8040
8398
8610
8497
8435
8406
8273
8226
8228
8228
8017
7831
7854
7654
7663
7557
7553
7437
7242
7230
7043
5294
2164
2378
2349
2358
2401
3675
4616
5301
5372
5260
5147
5099
5148
4973
4942
4908
4813
4339
3836
2371
1893
1862
1745
1719
1758
1785
1855
1826
1815
1841
1815
1796
1823
1686
1687
1825
1740
1769
1764
2833
5005
5038
5016
4869
4886
4690
4735
4646
4566
4608
4466
4547
4445
4365
4295
4227
4220
4135
4225
4267
3974
3955
3682
2714
1138
115
2
10
6
0
0
0
0
0
0
0
0
0
0
0
0
0
0
0
0
0
0
0
0
0
0
0
0
0
0
0
0
0
0
0
0
0
0
0
0
0
0
0
0
0
0
0
0
0
0
0
0
0
0
