#################################### 
# Matrix Size= (10,400,10)
# Resol      = (1,200,1)
# VoxelSize  = (10,2,10)
# nbVal      = 200
#################################### 
0
0
0
0
0
0
0
0
0
0
0
0
0
0
0
0
0
0
0
0
0
0
0
0
0
0
0
0
0
0
0
0
0
0
0
0
0
0
0
0
0
0
0
0
0
0
0
0
0
1
10
12
3
15
73
2121
5864
8408
9283
9443
8169
9137
8224
8528
8340
8343
8947
7352
8279
7662
8204
7742
7551
8153
6965
7696
7087
7484
7230
7113
5857
1830
2733
2199
2485
2590
3439
4909
4734
5564
5063
5180
5320
4759
5177
4663
5035
4596
4516
4351
2144
2295
1708
2041
1721
1903
2209
1654
2197
1724
2067
1849
1917
2209
1505
1971
1647
1979
1831
1779
3181
4657
5120
4895
4824
5073
4556
4935
4325
4665
4440
4515
4719
4097
4569
4185
4331
4205
4028
4543
3766
4266
3727
3844
3077
1557
286
5
26
28
4
0
0
0
0
0
0
0
0
0
0
0
0
0
0
0
0
0
0
0
0
0
0
0
0
0
0
0
0
0
0
0
0
0
0
0
0
0
0
0
0
0
0
0
0
0
0
0
0
0
