#################################### 
# Matrix Size= (3000,10,10)
# Resol      = (1500,1,1)
# VoxelSize  = (2,10,10)
# nbVal      = 1500
#################################### 
0
0
0
0
0
0
0
0
0
0
0
0
0
0
0
0
0
0
0
0
0
0
0
0
0
0
0
0
0
0
0
0
0
0
0
0
0
0
0
0
0
0
0
0
0
0
0
0
0
0
0
0
0
0
0
0
0
0
0
0
0
0
0
0
0
0
0
0
0
0
0
0
0
0
0
0
0
0
0
0
0
0
0
0
0
0
0
0
0
0
0
0
0
0
0
0
0
0
0
0
0
0
0
0
0
0
0
0
0
0
0
0
0
0
0
0
0
0
0
0
0
0
0
0
0
0
0
0
0
0
0
0
0
0
0
0
0
0
0
0
0
0
0
0
0
0
0
0
0
0
0
0
0
0
0
0
0
0
0
0
0
0
0
0
0
0
0
0
0
0
0
0
0
0
0
0
0
0
0
0
0
0
0
0
0
0
0
0
0
0
0
0
0
0
0
0
0
0
0
0
0
0
0
0
0
0
0
0
0
0
0
0
0
0
0
0
0
0
0
0
0
0
0
0
0
0
0
0
0
0
0
0
0
0
0
0
0
0
0
0
0
0
0
0
0
0
0
0
0
0
0
0
0
0
0
0
0
0
0
0
0
0
0
0
0
0
0
0
0
0
0
0
0
0
0
0
0
0
0
0
0
0
0
0
0
0
0
0
0
0
0
0
0
0
0
0
0
0
0
0
0
0
0
0
0
0
0
0
0
0
0
0
0
0
0
0
0
0
0
0
0
0
0
0
0
0
0
0
0
0
0
0
0
0
0
0
0
0
0
0
0
0
0
0
0
0
0
0
0
0
0
0
0
0
0
0
0
0
0
0
0
0
0
0
0
0
0
0
0
0
0
0
0
0
0
0
0
0
0
0
0
0
0
0
0
0
0
0
0
0
0
0
0
0
0
0
0
0
0
0
0
0
0
0
0
0
0
0
0
0
0
0
0
0
0
0
0
0
0
0
0
0
0
0
0
0
0
0
0
0
0
0
0
0
0
0
0
0
0
0
0
0
0
0
0
0
0
0
0
0
0
0
0
0
0
0
0
0
0
0
0
0
0
0
0
0
0
0
0
0
0
0
0
0
0
0
0
0
0
0
0
0
0
0
0
0
0
0
0
0
0
0
0
0
0
0
0
0
0
0
0
0
0
0
0
0
0
0
0
0
0
0
0
0
0
0
0
0
0
0
0
0
0
0
0
0
0
0
0
0
0
0
0
0
0
0
0
0
0
0
0
0
0
0
0
0
0
0
0
0
0
0
0
0
0
0
0
0
0
0
0
0
0
0
0
0
0
0
0
0
0
0
0
0
0
0
0
0
0
0
0
0
0
0
0
0
0
0
0
0
0
0
0
0
0
0
0
0
0
0
0
0
0
0
0
0
0
0
0
0
0
0
0
0
0
0
0
0
0
0
0
0
0
0
0
0
0
0
0
0
0
0
0
0
0
0
0
0
0
0
0
0
0
0
0
0
0
0
0
0
0
0
0
0
0
0
0
0
0
0
1.79908e-06
2.02638e-06
2.45077e-06
2.75077e-06
2.72167e-06
2.9451e-06
2.98805e-06
3.09334e-06
3.13724e-06
3.22518e-06
3.3839e-06
3.49381e-06
3.60819e-06
3.69385e-06
3.77649e-06
3.9031e-06
4.09137e-06
4.19923e-06
4.30071e-06
4.49118e-06
4.63995e-06
4.83369e-06
5.1592e-06
5.58816e-06
6.4506e-06
8.12388e-06
1.09343e-05
1.3613e-05
1.4461e-05
1.55487e-05
1.63142e-05
1.68349e-05
1.77557e-05
1.90992e-05
2.06238e-05
2.22852e-05
2.4127e-05
2.55938e-05
2.77557e-05
2.98053e-05
3.19922e-05
3.51996e-05
3.80499e-05
4.05186e-05
4.39552e-05
4.88767e-05
5.49797e-05
6.47919e-05
7.85012e-05
9.69682e-05
0.000116878
0.000134844
0.000154922
0.000178368
0.000199385
0.000218934
0.00023343
0.000242254
0.000252103
0.000262913
0.000270624
0.000275704
0.000283581
0.000291643
0.000297738
0.000303893
0.000310069
0.000310775
0.000317513
0.000318472
0.000312137
0.0003159
0.000325128
0.000336482
0.000349857
0.000357875
0.00036264
0.000365634
0.000374963
0.00037887
0.000388169
0.00039554
0.000398855
0.000403224
0.0004068
0.000409046
0.000411404
0.000411821
0.000410297
0.000408132
0.000402567
0.000391015
0.000366444
0.00033406
0.000295753
0.000250329
0.000203305
0.000155532
0.000108593
6.56196e-05
4.17342e-05
3.19708e-05
2.72638e-05
2.60126e-05
2.89261e-05
3.59699e-05
3.9137e-05
3.92838e-05
3.83239e-05
3.58499e-05
3.21796e-05
2.82001e-05
2.49242e-05
2.23006e-05
2.02206e-05
1.69281e-05
1.37099e-05
1.22098e-05
1.17552e-05
1.10512e-05
1.04505e-05
1.01172e-05
9.35665e-06
8.28353e-06
7.46181e-06
6.73877e-06
6.25258e-06
6.08988e-06
5.93636e-06
5.56727e-06
5.52327e-06
5.32954e-06
5.22108e-06
4.98739e-06
4.93323e-06
4.60097e-06
4.31071e-06
3.85701e-06
3.65581e-06
3.15932e-06
2.98472e-06
3.0117e-06
2.89379e-06
2.76265e-06
2.70874e-06
2.48562e-06
2.21997e-06
2.18256e-06
1.93801e-06
1.89561e-06
1.89656e-06
1.85529e-06
1.72138e-06
1.57435e-06
1.50567e-06
1.4487e-06
1.36956e-06
1.25776e-06
1.24636e-06
1.16836e-06
1.11764e-06
1.0708e-06
1.0364e-06
9.54081e-07
9.25517e-07
8.73691e-07
8.58443e-07
8.30235e-07
7.775e-07
7.92577e-07
7.84543e-07
8.32225e-07
8.99398e-07
1.12446e-06
1.32739e-06
1.47278e-06
1.44436e-06
1.16508e-06
1.45071e-06
1.60628e-06
0
0
0
0
0
0
0
0
0
0
0
0
0
0
0
0
0
0
0
0
0
0
0
0
0
0
0
0
0
0
0
0
0
0
0
0
0
0
0
0
0
0
0
0
0
0
0
0
0
0
0
0
0
0
0
0
0
0
0
0
0
0
0
0
0
0
0
0
0
0
0
0
0
0
0
0
0
0
0
0
0
0
0
0
0
0
0
0
0
0
0
0
0
0
0
0
0
0
0
0
0
0
0
0
0
0
0
0
0
0
0
0
0
0
0
0
0
0
0
0
0
0
0
0
0
0
0
0
0
0
0
0
0
0
0
0
0
0
0
0
0
0
0
0
0
0
0
0
0
0
0
0
0
0
0
0
0
0
0
0
0
0
0
0
0
0
0
0
0
0
0
0
0
0
0
0
0
0
0
0
0
0
0
0
0
0
0
0
0
0
0
0
0
0
0
0
0
0
0
0
0
0
0
0
0
0
0
0
0
0
0
0
0
0
0
0
0
0
0
0
0
0
0
0
0
0
0
0
0
0
0
0
0
0
0
0
0
0
0
0
0
0
0
0
0
0
0
0
0
0
0
0
0
0
0
0
0
0
0
0
0
0
0
0
0
0
0
0
0
0
0
0
0
0
0
0
0
0
0
0
0
0
0
0
0
0
0
0
0
0
0
0
0
0
0
0
0
0
0
0
0
0
0
0
0
0
0
0
0
0
0
0
0
0
0
0
0
0
0
0
0
0
0
0
0
0
0
0
0
0
0
0
0
0
0
0
0
0
0
0
0
0
0
0
0
0
0
0
0
0
0
0
0
0
0
0
0
0
0
0
0
0
0
0
0
0
0
0
0
0
0
0
0
0
0
0
0
0
0
0
0
0
0
0
0
0
0
0
0
0
0
0
0
0
0
0
0
0
0
0
0
0
0
0
0
0
0
0
0
0
0
0
0
0
0
0
0
0
0
0
0
0
0
0
0
0
0
0
0
0
0
0
0
0
0
0
0
0
0
0
0
0
0
0
0
0
0
0
0
0
0
0
0
0
0
0
0
0
0
0
0
0
0
0
0
0
0
0
0
0
0
0
0
0
0
0
0
0
0
0
0
0
0
0
0
0
0
0
0
0
0
0
0
0
0
0
0
0
0
0
0
0
0
0
0
0
0
0
0
0
0
0
0
0
0
0
0
0
0
0
0
0
0
0
0
0
0
0
0
0
0
0
0
0
0
0
0
0
0
0
0
0
0
0
0
0
0
0
0
0
0
0
0
0
0
0
0
0
0
0
0
0
0
0
0
0
0
0
0
0
0
0
0
0
0
0
0
0
0
0
0
0
0
0
0
0
0
0
0
0
0
0
0
0
0
0
0
0
0
0
0
0
0
0
0
0
0
0
0
0
0
0
0
0
0
0
0
0
0
0
0
0
0
0
0
0
0
0
0
0
0
0
0
0
0
0
0
0
0
0
0
0
0
0
0
0
0
0
0
0
0
0
0
0
0
0
0
0
0
0
