#################################### 
# Matrix Size= (10,400,10)
# Resol      = (1,200,1)
# VoxelSize  = (10,2,10)
# nbVal      = 200
#################################### 
0
0
0
0
0
0
0
0
0
0
0
0
0
0
0
0
0
0
0
0
0
0
0
0
0
0
0
0
0
44.1605
56.9158
55.9493
44.8787
59.749
47.0348
53.1477
140.895
304.399
449.395
478.798
484.205
499.382
525.51
540.507
552.434
583.633
640.513
676.397
722.613
743.483
797.981
778.783
802.283
853.416
838.366
719.69
535.243
398.051
329.276
299.989
320.346
304.127
318.323
350.072
383.149
384.006
526.413
622.912
651.69
796.755
964.998
982.708
875.433
809.132
812.386
699.484
458.685
264.18
145.997
96.8039
93.1132
133.139
117.864
116.736
109.421
105.82
114.056
108.884
91.5838
56.354
25.7878
17.1487
11.2947
2.2823
2.48085
2.47738
2.58607
2.63635
2.62626
2.75847
2.75577
2.78689
2.93273
3.0076
10.3174
286.942
543.23
494.2
652.794
784.783
800.226
973.923
1043.17
1112.38
1062.46
1052.12
2818.19
5054.32
4691.47
3504.79
3158.65
3321.55
3635.45
3589.15
4052.59
5065.13
7394.69
10088.5
12688.1
17626.2
20339.8
25251.4
34274.2
46762.9
72216.7
108902
127340
145713
181568
219935
332392
506092
678255
871017
984352
998746
1.00133e+06
994831
1.00742e+06
1.03027e+06
1.06058e+06
1.10426e+06
1.15359e+06
1.15391e+06
1.1179e+06
1.07863e+06
902432
596754
261553
84853.2
41763.6
25549.7
18627.7
16530.6
17948.8
17156.6
12183.8
8137.81
4267.3
2032.73
3847.55
0
0
0
0
0
0
0
0
0
0
0
0
0
0
0
0
0
0
0
0
0
0
0
0
0
0
0
0
0
