#################################### 
# Matrix Size= (10,400,10)
# Resol      = (1,200,1)
# VoxelSize  = (10,2,10)
# nbVal      = 200
#################################### 
0
0
0
0
0
0
0
0
0
0
0
0
0
0
0
0
0
0
0
0
0
0
0
0
0
0
0
0
0
2.9863e-07
3.50856e-07
3.50019e-07
3.18475e-07
3.48893e-07
3.49716e-07
3.15305e-07
3.06092e-07
3.34382e-07
3.95799e-07
4.1034e-07
4.19163e-07
4.34192e-07
4.58194e-07
4.68017e-07
4.74721e-07
4.89632e-07
5.19156e-07
5.37605e-07
5.67157e-07
5.7046e-07
6.06236e-07
5.95679e-07
6.17245e-07
6.57555e-07
6.78674e-07
6.99617e-07
6.51244e-07
6.46835e-07
6.7458e-07
6.26353e-07
6.80314e-07
7.26298e-07
7.85437e-07
8.07644e-07
8.56083e-07
8.32096e-07
8.59528e-07
8.8797e-07
9.18346e-07
9.44375e-07
1.01258e-06
1.05062e-06
1.06762e-06
1.09612e-06
1.1136e-06
1.11623e-06
1.02908e-06
1.03668e-06
1.03764e-06
9.93707e-07
1.02962e-06
1.271e-06
1.28537e-06
1.26708e-06
1.32403e-06
1.30577e-06
1.42544e-06
1.39712e-06
1.45463e-06
1.41965e-06
1.45682e-06
1.58995e-06
1.63424e-06
1.511e-06
1.64248e-06
1.6402e-06
1.71213e-06
1.74538e-06
1.73876e-06
1.82627e-06
1.82446e-06
1.84507e-06
1.94165e-06
1.99119e-06
1.97158e-06
2.41851e-06
3.05931e-06
3.19242e-06
3.31152e-06
3.68438e-06
3.94823e-06
4.40459e-06
4.74661e-06
5.19494e-06
5.47922e-06
5.5749e-06
6.3811e-06
7.64357e-06
9.22212e-06
1.07254e-05
1.22359e-05
1.40229e-05
1.6016e-05
1.75856e-05
2.04038e-05
2.35372e-05
2.73993e-05
3.28499e-05
4.05524e-05
5.10217e-05
6.57295e-05
8.49633e-05
0.00011384
0.000160678
0.000250724
0.000374826
0.000502272
0.000599262
0.000658035
0.000692607
0.000714066
0.000733726
0.000746798
0.0007599
0.000772202
0.00077684
0.000782924
0.000787273
0.000790264
0.000796745
0.000799689
0.000803826
0.000808683
0.000815406
0.000815829
0.000795334
0.000689825
0.000454686
0.000205309
6.99764e-05
3.55783e-05
2.16465e-05
1.57663e-05
1.3554e-05
1.40346e-05
1.57608e-05
1.50942e-05
1.41851e-05
1.30422e-05
1.22187e-05
8.94647e-06
0
0
0
0
0
0
0
0
0
0
0
0
0
0
0
0
0
0
0
0
0
0
0
0
0
0
0
0
0
