#################################### 
# Matrix Size= (10,400,10)
# Resol      = (1,200,1)
# VoxelSize  = (10,2,10)
# nbVal      = 200
#################################### 
0
0
0
0
0
0
0
0
0
0
0
0
0
0
0
0
0
0
0
0
0
0
0
0
0
0
0
0
0
0
0
0
0
0
0
0
0
0
0
0
0
0
0
0
0
0
0
0
0
0.351696
2.6718
2.7211
2.696
2.74966
43.9436
626.138
1428.23
1985.02
2001.03
1998.88
2074.01
2194.57
2288.37
2430.96
2647.06
2809.05
3017.83
3231.2
3486.45
3792.57
4091.38
4447.4
4836.48
5358.86
5766.46
6286.48
7055.5
7865.92
9183.55
11462
11855.6
6678.51
8635.5
10699.4
13018.5
15872.6
30439.2
42369.7
48424.7
51297.3
53104.6
54044.4
54690.9
54853.9
55278.8
55386.9
55405.6
55535.5
55103.3
54653.2
40603
33115.6
31579.6
25623.5
19913.1
15944.7
12327.6
9740.22
7570.13
6000.18
4837.62
4070.53
3484.38
3080.03
2475.14
2225.1
2111.23
1968.58
1713.87
1623.69
2473.19
3975.67
3698.37
3426.78
3199.35
2984.61
2747.95
2622.1
2451.18
2270.09
2137.04
1988.34
1889.23
1778.34
1666.07
1588.8
1488.69
1415.47
1349.06
1280.2
1238.07
1183.48
1155.71
1173.56
1005.25
474.358
97.9934
4.54873
12.3037
16.8099
0.414333
0
0
0
0
0
0
0
0
0
0
0
0
0
0
0
0
0
0
0
0
0
0
0
0
0
0
0
0
0
0
0
0
0
0
0
0
0
0
0
0
0
0
0
0
0
0
0
0
0
