#################################### 
# Matrix Size= (10,400,10)
# Resol      = (1,200,1)
# VoxelSize  = (10,2,10)
# nbVal      = 200
#################################### 
0
0
0
0
0
0
0
0
0
0
0
0
0
0
0
0
0
0
0
0
0
0
0
0
0
0
0
0
0
0
0
0
0
0
0
0
0
0
0
0
0
0
0
0
0
0
0
0
0
2.32843e-07
1.76888e-06
1.80152e-06
1.78489e-06
1.82044e-06
1.74027e-06
1.7172e-06
1.68032e-06
1.53978e-06
1.44127e-06
1.43843e-06
1.49151e-06
1.57921e-06
1.64643e-06
1.74922e-06
1.90437e-06
2.02191e-06
2.17327e-06
2.3233e-06
2.50927e-06
2.72928e-06
2.94572e-06
3.20056e-06
3.48343e-06
3.85686e-06
4.14795e-06
4.51931e-06
5.07509e-06
5.65555e-06
6.60349e-06
8.24149e-06
1.19026e-05
1.50988e-05
1.82669e-05
2.24193e-05
2.69443e-05
3.05041e-05
3.27269e-05
3.67101e-05
3.97846e-05
4.16616e-05
4.32142e-05
4.39276e-05
4.45581e-05
4.46468e-05
4.48321e-05
4.5049e-05
4.52289e-05
4.54983e-05
4.64928e-05
5.01848e-05
6.15013e-05
7.11862e-05
6.78002e-05
5.76492e-05
4.52308e-05
3.42451e-05
2.58746e-05
1.99217e-05
1.57112e-05
1.25233e-05
1.0149e-05
8.4162e-06
7.14795e-06
6.19628e-06
5.35086e-06
4.77099e-06
4.30452e-06
3.91897e-06
3.5076e-06
3.29393e-06
3.05577e-06
2.86382e-06
2.65734e-06
2.46454e-06
2.30125e-06
2.14613e-06
1.97977e-06
1.88845e-06
1.76219e-06
1.63266e-06
1.53733e-06
1.43124e-06
1.35926e-06
1.27891e-06
1.19852e-06
1.14364e-06
1.0716e-06
1.01855e-06
9.70661e-07
9.20421e-07
8.90944e-07
8.52209e-07
8.32408e-07
8.78991e-07
1.0346e-06
1.06337e-06
1.15367e-06
1.17006e-06
1.11938e-06
1.1962e-06
1.68298e-07
0
0
0
0
0
0
0
0
0
0
0
0
0
0
0
0
0
0
0
0
0
0
0
0
0
0
0
0
0
0
0
0
0
0
0
0
0
0
0
0
0
0
0
0
0
0
0
0
0
