#################################### 
# Matrix Size= (3000,10,10)
# Resol      = (1500,1,1)
# VoxelSize  = (2,10,10)
# nbVal      = 1500
#################################### 
0
0
0
0
0
0
0
0
0
0
0
0
0
0
0
0
0
0
0
0
0
0
0
0
0
0
0
0
0
0
0
0
0
0
0
0
0
0
0
0
0
0
0
0
0
0
0
0
0
0
0
0
0
0
0
0
0
0
0
0
0
0
0
0
0
0
0
0
0
0
0
0
0
0
0
0
0
0
0
0
0
0
0
0
0
0
0
0
0
0
0
0
0
0
0
0
0
0
0
0
0
0
0
0
0
0
0
0
0
0
0
0
0
0
0
0
0
0
0
0
0
0
0
0
0
0
0
0
0
0
0
0
0
0
0
0
0
0
0
0
0
0
0
0
0
0
0
0
0
0
0
0
0
0
0
0
0
0
0
0
0
0
0
0
0
0
0
0
0
0
0
0
0
0
0
0
0
0
0
0
0
0
0
0
0
0
0
0
0
0
0
0
0
0
0
0
0
0
0
0
0
0
0
0
0
0
0
0
0
0
0
0
0
0
0
0
0
0
0
0
0
0
0
0
0
0
0
0
0
0
0
0
0
0
0
0
0
0
0
0
0
0
0
0
0
0
0
0
0
0
0
0
0
0
0
0
0
0
0
0
0
0
0
0
0
0
0
0
0
0
0
0
0
0
0
0
0
0
0
0
0
0
0
0
0
0
0
0
0
0
0
0
0
0
0
0
0
0
0
0
0
0
0
0
0
0
0
0
0
0
0
0
0
0
0
0
0
0
0
0
0
0
0
0
0
0
0
0
0
0
0
0
0
0
0
0
0
0
0
0
0
0
0
0
0
0
0
0
0
0
0
0
0
0
0
0
0
0
0
0
0
0
0
0
0
0
0
0
0
0
0
0
0
0
0
0
0
0
0
0
0
0
0
0
0
0
0
0
0
0
0
0
0
0
0
0
0
0
0
0
0
0
0
0
0
0
0
0
0
0
0
0
0
0
0
0
0
0
0
0
0
0
0
0
0
0
0
0
0
0
0
0
0
0
0
0
0
0
0
0
0
0
0
0
0
0
0
0
0
0
0
0
0
0
0
0
0
0
0
0
0
0
0
0
0
0
0
0
0
0
0
0
0
0
0
0
0
0
0
0
0
0
0
0
0
0
0
0
0
0
0
0
0
0
0
0
0
0
0
0
0
0
0
0
0
0
0
0
0
0
0
0
0
0
0
0
0
0
0
0
0
0
0
0
0
0
0
0
0
0
0
0
0
0
0
0
0
0
0
0
0
0
0
0
0
0
0
0
0
0
0
0
0
0
0
0
0
0
0
0
0
0
0
0
0
0
0
0
0
0
0
0
0
0
0
0
0
0
0
0
0
0
0
0
0
0
0
0
0
0
0
0
0
0
0
0
0
0
0
0
0
0
0
0
0
0
0
0
0
0
0
0
0
0
0
0
0
0
0
0
0
0
0
0
0
0
0
0
0
0
0
0
0
0
0
0
0
0
0
0
0
0
0
0
0
0
0
0
0
0
0
0
0
0
0
0
0
0
0
0
0
0
0
0
0
0
0
0
0
0
0
0
0
0
1.61575e-06
8.57475e-06
1.03591e-05
1.06391e-05
1.07369e-05
1.08497e-05
1.10111e-05
1.09827e-05
1.11179e-05
1.13636e-05
1.12855e-05
1.14467e-05
1.15854e-05
1.15635e-05
1.16265e-05
1.16779e-05
1.18594e-05
1.18343e-05
1.19349e-05
1.20475e-05
1.20986e-05
1.21873e-05
1.22325e-05
1.21945e-05
1.247e-05
1.26143e-05
1.26617e-05
1.26958e-05
1.2685e-05
1.28111e-05
1.28476e-05
1.28673e-05
1.29778e-05
1.29663e-05
1.31344e-05
1.30097e-05
1.32153e-05
1.31251e-05
1.31061e-05
1.32834e-05
1.33655e-05
1.33803e-05
1.33856e-05
1.3472e-05
1.34818e-05
1.35112e-05
1.36236e-05
1.35084e-05
1.36718e-05
1.37238e-05
1.36066e-05
1.36801e-05
1.37335e-05
1.37429e-05
1.37637e-05
1.37811e-05
1.38128e-05
1.37058e-05
1.3805e-05
1.37954e-05
1.38001e-05
1.3751e-05
1.37286e-05
1.38728e-05
1.38128e-05
1.37486e-05
1.3593e-05
1.35565e-05
1.36516e-05
1.3579e-05
1.34907e-05
1.3391e-05
1.3398e-05
1.32548e-05
1.31857e-05
1.31415e-05
1.29401e-05
1.28842e-05
1.28517e-05
1.2912e-05
1.26872e-05
1.26923e-05
1.25048e-05
1.2428e-05
1.22605e-05
1.21264e-05
1.19861e-05
1.18341e-05
1.17955e-05
1.16812e-05
1.15469e-05
1.13677e-05
1.1167e-05
1.09911e-05
1.08327e-05
1.07624e-05
1.072e-05
1.06297e-05
1.04805e-05
1.03694e-05
1.04179e-05
1.03928e-05
1.06207e-05
1.12913e-05
1.26182e-05
1.40885e-05
1.44908e-05
1.44996e-05
1.45978e-05
1.45922e-05
1.46042e-05
1.45456e-05
1.4728e-05
1.44331e-05
1.43569e-05
1.41292e-05
1.39002e-05
1.37918e-05
1.35326e-05
1.31092e-05
1.29107e-05
1.26107e-05
1.24298e-05
1.22067e-05
1.15596e-05
1.12922e-05
1.09745e-05
1.07646e-05
1.03985e-05
1.00062e-05
9.78259e-06
9.53388e-06
9.0809e-06
8.64281e-06
8.23495e-06
7.8269e-06
7.33407e-06
6.98718e-06
6.45463e-06
5.96843e-06
5.28086e-06
4.47509e-06
3.73299e-06
3.29967e-06
3.25799e-06
3.32531e-06
3.55485e-06
4.01754e-06
4.82258e-06
6.32421e-06
7.14128e-06
1.53367e-06
0
0
0
0
0
0
0
0
0
0
0
0
0
0
0
0
0
0
0
0
0
0
0
0
0
0
0
0
0
0
0
0
0
0
0
0
0
0
0
0
0
0
0
0
0
0
0
0
0
0
0
0
0
0
0
0
0
0
0
0
0
0
0
0
0
0
0
0
0
0
0
0
0
0
0
0
0
0
0
0
0
0
0
0
0
0
0
0
0
0
0
0
0
0
0
0
0
0
0
0
0
0
0
0
0
0
0
0
0
0
0
0
0
0
0
0
0
0
0
0
0
0
0
0
0
0
0
0
0
0
0
0
0
0
0
0
0
0
0
0
0
0
0
0
0
0
0
0
0
0
0
0
0
0
0
0
0
0
0
0
0
0
0
0
0
0
0
0
0
0
0
0
0
0
0
0
0
0
0
0
0
0
0
0
0
0
0
0
0
0
0
0
0
0
0
0
0
0
0
0
0
0
0
0
0
0
0
0
0
0
0
0
0
0
0
0
0
0
0
0
0
0
0
0
0
0
0
0
0
0
0
0
0
0
0
0
0
0
0
0
0
0
0
0
0
0
0
0
0
0
0
0
0
0
0
0
0
0
0
0
0
0
0
0
0
0
0
0
0
0
0
0
0
0
0
0
0
0
0
0
0
0
0
0
0
0
0
0
0
0
0
0
0
0
0
0
0
0
0
0
0
0
0
0
0
0
0
0
0
0
0
0
0
0
0
0
0
0
0
0
0
0
0
0
0
0
0
0
0
0
0
0
0
0
0
0
0
0
0
0
0
0
0
0
0
0
0
0
0
0
0
0
0
0
0
0
0
0
0
0
0
0
0
0
0
0
0
0
0
0
0
0
0
0
0
0
0
0
0
0
0
0
0
0
0
0
0
0
0
0
0
0
0
0
0
0
0
0
0
0
0
0
0
0
0
0
0
0
0
0
0
0
0
0
0
0
0
0
0
0
0
0
0
0
0
0
0
0
0
0
0
0
0
0
0
0
0
0
0
0
0
0
0
0
0
0
0
0
0
0
0
0
0
0
0
0
0
0
0
0
0
0
0
0
0
0
0
0
0
0
0
0
0
0
0
0
0
0
0
0
0
0
0
0
0
0
0
0
0
0
0
0
0
0
0
0
0
0
0
0
0
0
0
0
0
0
0
0
0
0
0
0
0
0
0
0
0
0
0
0
0
0
0
0
0
0
0
0
0
0
0
0
0
0
0
0
0
0
0
0
0
0
0
0
0
0
0
0
0
0
0
0
0
0
0
0
0
0
0
0
0
0
0
0
0
0
0
0
0
0
0
0
0
0
0
0
0
0
0
0
0
0
0
0
0
0
0
0
0
0
0
0
0
0
0
0
0
0
0
0
0
0
0
0
0
0
0
0
0
0
0
0
0
0
0
0
0
0
0
0
0
0
0
0
0
0
0
0
0
0
0
0
0
0
0
0
0
0
0
0
0
0
0
0
0
0
0
0
0
0
0
0
0
0
0
0
0
0
0
0
0
0
0
0
0
0
0
0
0
0
0
0
0
0
