#################################### 
# Matrix Size= (10,400,10)
# Resol      = (1,200,1)
# VoxelSize  = (10,2,10)
# nbVal      = 200
#################################### 
0
0
0
0
0
0
0
0
0
0
0
0
0
0
0
0
0
0
0
0
0
0
0
0
0
0
0
0
0
63.8043
72.9288
71.8455
55.0162
71.605
59.8747
63.351
158.938
300.228
373.633
354.369
333.175
324.382
331.694
339.215
363.071
387.677
413.585
448.651
485.216
522.631
552.413
585.436
592.666
623.014
629.199
539.905
424.909
332.517
273.78
246.621
276.497
271.381
274.582
313.615
357.234
367.003
492.241
610.747
649.256
820.734
997.458
1088.93
1075.94
1211.82
1600.42
1439.72
1026.47
701.11
452.433
361.265
364.202
534.351
546.32
584.808
581.517
608.259
743.8
760.841
698.689
465.33
222.114
156.685
112.322
27.3119
30.0268
33.2329
37.2853
40.7156
44.7745
49.2354
54.4691
59.6322
64.3115
69.9481
169.05
4664.82
10622.3
11107
16388.9
22580.8
26753.7
38019.8
55925.8
79300.3
89349.4
95929.8
240457
407190
341097
218368
169451
156107
152111
134255
130932
138301
168442
190436
196233
215034
188349
171707
172496
153511
121496
93561.9
57814.2
35085.4
28446.6
23041.9
22806.2
25004.5
24865.5
24992.1
21213.6
16189.7
13354.7
11608.4
10605.3
9854.87
9264.15
8919.69
8612.32
7977.74
7243.61
6731.52
6019.99
5642.35
5309.5
4777.39
4246.26
4000.66
3810.85
3673.89
3531.14
3176.13
2465.18
1805.03
1088.95
455.465
798.489
0
0
0
0
0
0
0
0
0
0
0
0
0
0
0
0
0
0
0
0
0
0
0
0
0
0
0
0
0
