#################################### 
# Matrix Size= (10,400,10)
# Resol      = (1,200,1)
# VoxelSize  = (10,2,10)
# nbVal      = 200
#################################### 
0
0
0
0
0
0
0
0
0
0
0
0
0
0
0
0
0
0
0
0
0
0
0
0
0
0
0
0
0
0
0
0
0
0
0
0
0
0
0
0
0
0
0
0
0
0
0
0
0
2.59554e-07
1.89753e-06
1.83805e-06
1.88864e-06
1.83308e-06
1.77678e-06
1.93582e-06
1.84382e-06
1.71422e-06
1.63705e-06
1.64203e-06
1.69447e-06
1.82102e-06
1.93954e-06
2.09975e-06
2.25069e-06
2.42942e-06
2.65806e-06
2.82683e-06
3.11952e-06
3.43839e-06
3.76348e-06
4.09194e-06
4.54814e-06
5.10359e-06
5.61465e-06
6.34275e-06
7.21551e-06
8.44511e-06
1.06474e-05
1.53125e-05
2.66671e-05
3.88711e-05
5.42061e-05
7.99357e-05
0.000123151
0.000212551
0.000567915
0.000811246
0.000883266
0.000913163
0.000926733
0.000930769
0.00093507
0.000937951
0.000938035
0.000939992
0.000937965
0.000935387
0.000925858
0.000907398
0.000874245
0.000839067
0.000767682
0.000556759
0.000235528
0.00013488
8.50342e-05
5.67545e-05
3.97101e-05
2.84332e-05
2.10071e-05
1.59653e-05
1.24068e-05
1.0036e-05
8.24756e-06
6.93116e-06
5.96103e-06
5.2363e-06
4.57567e-06
4.10878e-06
3.89979e-06
3.44604e-06
3.14462e-06
2.90809e-06
2.71583e-06
2.51129e-06
2.33205e-06
2.19367e-06
1.99705e-06
1.89882e-06
1.74393e-06
1.60712e-06
1.52425e-06
1.44586e-06
1.36208e-06
1.27068e-06
1.21182e-06
1.10023e-06
1.08065e-06
1.01486e-06
9.60582e-07
9.44491e-07
9.47826e-07
9.88161e-07
1.13733e-06
1.16987e-06
1.16347e-06
1.18489e-06
1.23443e-06
1.23298e-06
1.79896e-07
0
0
0
0
0
0
0
0
0
0
0
0
0
0
0
0
0
0
0
0
0
0
0
0
0
0
0
0
0
0
0
0
0
0
0
0
0
0
0
0
0
0
0
0
0
0
0
0
0
