#################################### 
# Matrix Size= (3000,10,10)
# Resol      = (1500,1,1)
# VoxelSize  = (2,10,10)
# nbVal      = 1500
#################################### 
0
0
0
0
0
0
0
0
0
0
0
0
0
0
0
0
0
0
0
0
0
0
0
0
0
0
0
0
0
0
0
0
0
0
0
0
0
0
0
0
0
0
0
0
0
0
0
0
0
0
0
0
0
0
0
0
0
0
0
0
0
0
0
0
0
0
0
0
0
0
0
0
0
0
0
0
0
0
0
0
0
0
0
0
0
0
0
0
0
0
0
0
0
0
0
0
0
0
0
0
0
0
0
0
0
0
0
0
0
0
0
0
0
0
0
0
0
0
0
0
0
0
0
0
0
0
0
0
0
0
0
0
0
0
0
0
0
0
0
0
0
0
0
0
0
0
0
0
0
0
0
0
0
0
0
0
0
0
0
0
0
0
0
0
0
0
0
0
0
0
0
0
0
0
0
0
0
0
0
0
0
0
0
0
0
0
0
0
0
0
0
0
0
0
0
0
0
0
0
0
0
0
0
0
0
0
0
0
0
0
0
0
0
0
0
0
0
0
0
0
0
0
0
0
0
0
0
0
0
0
0
0
0
0
0
0
0
0
0
0
0
0
0
0
0
0
0
0
0
0
0
0
0
0
0
0
0
0
0
0
0
0
0
0
0
0
0
0
0
0
0
0
0
0
0
0
0
0
0
0
0
0
0
0
0
0
0
0
0
0
0
0
0
0
0
0
0
0
0
0
0
0
0
0
0
0
0
0
0
0
0
0
0
0
0
0
0
0
0
0
0
0
0
0
0
0
0
0
0
0
0
0
0
0
0
0
0
0
0
0
0
0
0
0
0
0
0
0
0
0
0
0
0
0
0
0
0
0
0
0
0
0
0
0
0
0
0
0
0
0
0
0
0
0
0
0
0
0
0
0
0
0
0
0
0
0
0
0
0
0
0
0
0
0
0
0
0
0
0
0
0
0
0
0
0
0
0
0
0
0
0
0
0
0
0
0
0
0
0
0
0
0
0
0
0
0
0
0
0
0
0
0
0
0
0
0
0
0
0
0
0
0
0
0
0
0
0
0
0
0
0
0
0
0
0
0
0
0
0
0
0
0
0
0
0
0
0
0
0
0
0
0
0
0
0
0
0
0
0
0
0
0
0
0
0
0
0
0
0
0
0
0
0
0
0
0
0
0
0
0
0
0
0
0
0
0
0
0
0
0
0
0
0
0
0
0
0
0
0
0
0
0
0
0
0
0
0
0
0
0
0
0
0
0
0
0
0
0
0
0
0
0
0
0
0
0
0
0
0
0
0
0
0
0
0
0
0
0
0
0
0
0
0
0
0
0
0
0
0
0
0
0
0
0
0
0
0
0
0
0
0
0
0
0
0
0
0
0
0
0
0
0
0
0
0
0
0
0
0
0
0
0
0
0
0
0
0
0
0
0
0
0
0
0
0
0
0
0
0
0
0
0
0
0
0
0
0
0
0
0
0
0
0
0
0
0
0
0
0
0
0
0
0
0
0
0
0
0
0
0
0
0
0
0
0
0
0
0
0
0
0
0
0
0
0
0
0
0
0
0
0
0
0
0
2.39175e-06
1.24274e-05
1.4644e-05
1.48668e-05
1.5001e-05
1.5211e-05
1.53628e-05
1.55653e-05
1.56369e-05
1.58436e-05
1.61015e-05
1.62495e-05
1.63645e-05
1.63388e-05
1.63205e-05
1.65578e-05
1.67227e-05
1.68883e-05
1.6877e-05
1.71752e-05
1.7072e-05
1.72185e-05
1.74304e-05
1.75044e-05
1.74335e-05
1.75801e-05
1.7771e-05
1.79963e-05
1.80329e-05
1.81374e-05
1.82372e-05
1.82439e-05
1.83159e-05
1.85633e-05
1.85907e-05
1.86853e-05
1.88331e-05
1.88568e-05
1.89324e-05
1.90227e-05
1.90559e-05
1.91885e-05
1.92505e-05
1.92658e-05
1.95637e-05
1.9581e-05
1.95395e-05
1.95517e-05
1.97644e-05
1.98404e-05
1.98201e-05
1.98703e-05
2.02355e-05
2.00405e-05
2.00255e-05
2.00462e-05
2.01695e-05
2.02271e-05
2.03052e-05
2.03308e-05
2.02776e-05
2.03475e-05
2.03656e-05
2.03342e-05
2.03358e-05
2.02966e-05
2.03105e-05
2.03486e-05
2.01648e-05
2.03031e-05
2.02808e-05
2.01132e-05
2.01444e-05
1.9917e-05
2.00229e-05
1.98938e-05
1.98457e-05
1.98137e-05
1.95548e-05
1.9482e-05
1.93849e-05
1.91942e-05
1.91949e-05
1.88479e-05
1.86747e-05
1.83594e-05
1.81903e-05
1.80249e-05
1.79195e-05
1.76347e-05
1.73477e-05
1.72584e-05
1.69512e-05
1.66886e-05
1.65615e-05
1.62798e-05
1.60418e-05
1.57602e-05
1.56792e-05
1.56538e-05
1.57671e-05
1.6444e-05
1.76185e-05
2.01916e-05
2.48455e-05
2.85886e-05
2.99703e-05
3.05307e-05
3.06346e-05
3.06723e-05
3.0788e-05
3.11188e-05
3.13236e-05
3.10223e-05
3.09919e-05
3.03604e-05
3.01242e-05
3.00227e-05
2.97556e-05
2.9492e-05
2.91157e-05
2.87952e-05
2.85967e-05
2.78299e-05
2.66798e-05
2.61328e-05
2.55158e-05
2.53702e-05
2.48656e-05
2.42249e-05
2.35797e-05
2.32016e-05
2.23116e-05
2.15303e-05
2.05355e-05
1.96753e-05
1.89556e-05
1.78536e-05
1.66927e-05
1.50058e-05
1.28369e-05
9.86512e-06
6.84364e-06
5.62294e-06
5.26749e-06
5.24491e-06
5.37851e-06
5.82312e-06
6.69332e-06
8.57099e-06
9.52446e-06
2.14731e-06
0
0
0
0
0
0
0
0
0
0
0
0
0
0
0
0
0
0
0
0
0
0
0
0
0
0
0
0
0
0
0
0
0
0
0
0
0
0
0
0
0
0
0
0
0
0
0
0
0
0
0
0
0
0
0
0
0
0
0
0
0
0
0
0
0
0
0
0
0
0
0
0
0
0
0
0
0
0
0
0
0
0
0
0
0
0
0
0
0
0
0
0
0
0
0
0
0
0
0
0
0
0
0
0
0
0
0
0
0
0
0
0
0
0
0
0
0
0
0
0
0
0
0
0
0
0
0
0
0
0
0
0
0
0
0
0
0
0
0
0
0
0
0
0
0
0
0
0
0
0
0
0
0
0
0
0
0
0
0
0
0
0
0
0
0
0
0
0
0
0
0
0
0
0
0
0
0
0
0
0
0
0
0
0
0
0
0
0
0
0
0
0
0
0
0
0
0
0
0
0
0
0
0
0
0
0
0
0
0
0
0
0
0
0
0
0
0
0
0
0
0
0
0
0
0
0
0
0
0
0
0
0
0
0
0
0
0
0
0
0
0
0
0
0
0
0
0
0
0
0
0
0
0
0
0
0
0
0
0
0
0
0
0
0
0
0
0
0
0
0
0
0
0
0
0
0
0
0
0
0
0
0
0
0
0
0
0
0
0
0
0
0
0
0
0
0
0
0
0
0
0
0
0
0
0
0
0
0
0
0
0
0
0
0
0
0
0
0
0
0
0
0
0
0
0
0
0
0
0
0
0
0
0
0
0
0
0
0
0
0
0
0
0
0
0
0
0
0
0
0
0
0
0
0
0
0
0
0
0
0
0
0
0
0
0
0
0
0
0
0
0
0
0
0
0
0
0
0
0
0
0
0
0
0
0
0
0
0
0
0
0
0
0
0
0
0
0
0
0
0
0
0
0
0
0
0
0
0
0
0
0
0
0
0
0
0
0
0
0
0
0
0
0
0
0
0
0
0
0
0
0
0
0
0
0
0
0
0
0
0
0
0
0
0
0
0
0
0
0
0
0
0
0
0
0
0
0
0
0
0
0
0
0
0
0
0
0
0
0
0
0
0
0
0
0
0
0
0
0
0
0
0
0
0
0
0
0
0
0
0
0
0
0
0
0
0
0
0
0
0
0
0
0
0
0
0
0
0
0
0
0
0
0
0
0
0
0
0
0
0
0
0
0
0
0
0
0
0
0
0
0
0
0
0
0
0
0
0
0
0
0
0
0
0
0
0
0
0
0
0
0
0
0
0
0
0
0
0
0
0
0
0
0
0
0
0
0
0
0
0
0
0
0
0
0
0
0
0
0
0
0
0
0
0
0
0
0
0
0
0
0
0
0
0
0
0
0
0
0
0
0
0
0
0
0
0
0
0
0
0
0
0
0
0
0
0
0
0
0
0
0
0
0
0
0
0
0
0
0
0
0
0
0
0
0
0
0
0
0
0
0
0
0
0
0
0
0
0
0
0
0
0
0
0
0
0
0
0
0
0
0
0
0
0
0
0
0
0
0
0
0
0
0
0
