#################################### 
# Matrix Size= (10,400,10)
# Resol      = (1,200,1)
# VoxelSize  = (10,2,10)
# nbVal      = 200
#################################### 
0
0
0
0
0
0
0
0
0
0
0
0
0
0
0
0
0
0
0
0
0
0
0
0
0
0
0
0
0
0
0
0
0
0
0
0
0
0
0
0
0
0
0
0
0
0
0
0
0
0
0
0
0
0
0
0
3
4
1
1
0
0
0
0
0
0
0
0
0
0
1
0
1
0
3
5
4
11
35
110
261
227
355
529
865
1434
4329
7967
10197
10832
11281
11050
11281
11209
11146
11169
11447
11161
10269
8664
5257
3989
3611
2510
1455
871
592
406
231
162
90
65
49
22
17
6
5
6
5
0
0
1
1
1
1
0
0
0
1
0
0
0
1
0
0
0
0
0
0
1
0
2
0
1
6
2
0
0
0
0
0
0
0
0
0
0
0
0
0
0
0
0
0
0
0
0
0
0
0
0
0
0
0
0
0
0
0
0
0
0
0
0
0
0
0
0
0
0
0
0
0
0
0
0
0
0
0
0
0
0
