#################################### 
# Matrix Size= (3000,10,10)
# Resol      = (1500,1,1)
# VoxelSize  = (2,10,10)
# nbVal      = 1500
#################################### 
0
0
0
0
0
0
0
0
0
0
0
0
0
0
0
0
0
0
0
0
0
0
0
0
0
0
0
0
0
0
0
0
0
0
0
0
0
0
0
0
0
0
0
0
0
0
0
0
0
0
0
0
0
0
0
0
0
0
0
0
0
0
0
0
0
0
0
0
0
0
0
0
0
0
0
0
0
0
0
0
0
0
0
0
0
0
0
0
0
0
0
0
0
0
0
0
0
0
0
0
0
0
0
0
0
0
0
0
0
0
0
0
0
0
0
0
0
0
0
0
0
0
0
0
0
0
0
0
0
0
0
0
0
0
0
0
0
0
0
0
0
0
0
0
0
0
0
0
0
0
0
0
0
0
0
0
0
0
0
0
0
0
0
0
0
0
0
0
0
0
0
0
0
0
0
0
0
0
0
0
0
0
0
0
0
0
0
0
0
0
0
0
0
0
0
0
0
0
0
0
0
0
0
0
0
0
0
0
0
0
0
0
0
0
0
0
0
0
0
0
0
0
0
0
0
0
0
0
0
0
0
0
0
0
0
0
0
0
0
0
0
0
0
0
0
0
0
0
0
0
0
0
0
0
0
0
0
0
0
0
0
0
0
0
0
0
0
0
0
0
0
0
0
0
0
0
0
0
0
0
0
0
0
0
0
0
0
0
0
0
0
0
0
0
0
0
0
0
0
0
0
0
0
0
0
0
0
0
0
0
0
0
0
0
0
0
0
0
0
0
0
0
0
0
0
0
0
0
0
0
0
0
0
0
0
0
0
0
0
0
0
0
0
0
0
0
0
0
0
0
0
0
0
0
0
0
0
0
0
0
0
0
0
0
0
0
0
0
0
0
0
0
0
0
0
0
0
0
0
0
0
0
0
0
0
0
0
0
0
0
0
0
0
0
0
0
0
0
0
0
0
0
0
0
0
0
0
0
0
0
0
0
0
0
0
0
0
0
0
0
0
0
0
0
0
0
0
0
0
0
0
0
0
0
0
0
0
0
0
0
0
0
0
0
0
0
0
0
0
0
0
0
0
0
0
0
0
0
0
0
0
0
0
0
0
0
0
0
0
0
0
0
0
0
0
0
0
0
0
0
0
0
0
0
0
0
0
0
0
0
0
0
0
0
0
0
0
0
0
0
0
0
0
0
0
0
0
0
0
0
0
0
0
0
0
0
0
0
0
0
0
0
0
0
0
0
0
0
0
0
0
0
0
0
0
0
0
0
0
0
0
0
0
0
0
0
0
0
0
0
0
0
0
0
0
0
0
0
0
0
0
0
0
0
0
0
0
0
0
0
0
0
0
0
0
0
0
0
0
0
0
0
0
0
0
0
0
0
0
0
0
0
0
0
0
0
0
0
0
0
0
0
0
0
0
0
0
0
0
0
0
0
0
0
0
0
0
0
0
0
0
0
0
0
0
0
0
0
0
0
0
0
0
0
0
0
0
0
0
0
0
0
0
0
0
0
0
0
0
0
0
0
0
0
0
0
0
0
0
0
0
0
0
0
0
0
0
0
0
0
0
0
0
0
1.21511e-06
6.33771e-06
7.38062e-06
7.57559e-06
7.64251e-06
7.58297e-06
7.75217e-06
7.81927e-06
7.84273e-06
7.91154e-06
7.98744e-06
8.07347e-06
8.17513e-06
8.27277e-06
8.31418e-06
8.36237e-06
8.30373e-06
8.41779e-06
8.55974e-06
8.58692e-06
8.6924e-06
8.62171e-06
8.70117e-06
8.77328e-06
8.81199e-06
8.95275e-06
8.90962e-06
8.94995e-06
9.05587e-06
9.07609e-06
9.2098e-06
9.23702e-06
9.21256e-06
9.28453e-06
9.37352e-06
9.42589e-06
9.45696e-06
9.52904e-06
9.52568e-06
9.54181e-06
9.57824e-06
9.71046e-06
9.61352e-06
9.66616e-06
9.64941e-06
9.67868e-06
9.71482e-06
9.82573e-06
9.99096e-06
9.95133e-06
9.98009e-06
1.00231e-05
1.00372e-05
9.97054e-06
1.00455e-05
1.00696e-05
1.00512e-05
1.01581e-05
1.01215e-05
1.01073e-05
1.01393e-05
1.01557e-05
1.01034e-05
1.0156e-05
1.01457e-05
1.02355e-05
1.01396e-05
1.0194e-05
1.02439e-05
1.01088e-05
1.01865e-05
1.00624e-05
1.00392e-05
9.98781e-06
9.97157e-06
9.89489e-06
9.834e-06
9.85065e-06
9.77131e-06
9.68077e-06
9.64646e-06
9.56001e-06
9.49586e-06
9.36509e-06
9.34993e-06
9.18016e-06
9.11191e-06
8.97454e-06
8.97292e-06
8.7293e-06
8.62931e-06
8.53604e-06
8.42188e-06
8.33737e-06
8.20696e-06
8.12578e-06
7.92702e-06
7.79973e-06
7.67738e-06
7.71924e-06
7.80786e-06
8.18548e-06
8.77043e-06
9.86494e-06
1.2061e-05
1.40683e-05
1.47623e-05
1.52082e-05
1.5312e-05
1.50989e-05
1.51985e-05
1.53324e-05
1.52366e-05
1.53378e-05
1.53717e-05
1.52497e-05
1.51964e-05
1.51388e-05
1.50632e-05
1.50011e-05
1.4945e-05
1.47461e-05
1.45394e-05
1.41757e-05
1.33992e-05
1.3082e-05
1.30256e-05
1.27147e-05
1.23749e-05
1.22936e-05
1.19176e-05
1.15008e-05
1.12329e-05
1.09221e-05
1.02093e-05
1.00166e-05
9.57883e-06
9.05154e-06
8.50231e-06
7.59705e-06
6.64605e-06
4.94222e-06
3.43836e-06
2.78136e-06
2.63448e-06
2.60209e-06
2.7272e-06
2.90333e-06
3.36395e-06
4.28173e-06
4.93827e-06
1.05163e-06
0
0
0
0
0
0
0
0
0
0
0
0
0
0
0
0
0
0
0
0
0
0
0
0
0
0
0
0
0
0
0
0
0
0
0
0
0
0
0
0
0
0
0
0
0
0
0
0
0
0
0
0
0
0
0
0
0
0
0
0
0
0
0
0
0
0
0
0
0
0
0
0
0
0
0
0
0
0
0
0
0
0
0
0
0
0
0
0
0
0
0
0
0
0
0
0
0
0
0
0
0
0
0
0
0
0
0
0
0
0
0
0
0
0
0
0
0
0
0
0
0
0
0
0
0
0
0
0
0
0
0
0
0
0
0
0
0
0
0
0
0
0
0
0
0
0
0
0
0
0
0
0
0
0
0
0
0
0
0
0
0
0
0
0
0
0
0
0
0
0
0
0
0
0
0
0
0
0
0
0
0
0
0
0
0
0
0
0
0
0
0
0
0
0
0
0
0
0
0
0
0
0
0
0
0
0
0
0
0
0
0
0
0
0
0
0
0
0
0
0
0
0
0
0
0
0
0
0
0
0
0
0
0
0
0
0
0
0
0
0
0
0
0
0
0
0
0
0
0
0
0
0
0
0
0
0
0
0
0
0
0
0
0
0
0
0
0
0
0
0
0
0
0
0
0
0
0
0
0
0
0
0
0
0
0
0
0
0
0
0
0
0
0
0
0
0
0
0
0
0
0
0
0
0
0
0
0
0
0
0
0
0
0
0
0
0
0
0
0
0
0
0
0
0
0
0
0
0
0
0
0
0
0
0
0
0
0
0
0
0
0
0
0
0
0
0
0
0
0
0
0
0
0
0
0
0
0
0
0
0
0
0
0
0
0
0
0
0
0
0
0
0
0
0
0
0
0
0
0
0
0
0
0
0
0
0
0
0
0
0
0
0
0
0
0
0
0
0
0
0
0
0
0
0
0
0
0
0
0
0
0
0
0
0
0
0
0
0
0
0
0
0
0
0
0
0
0
0
0
0
0
0
0
0
0
0
0
0
0
0
0
0
0
0
0
0
0
0
0
0
0
0
0
0
0
0
0
0
0
0
0
0
0
0
0
0
0
0
0
0
0
0
0
0
0
0
0
0
0
0
0
0
0
0
0
0
0
0
0
0
0
0
0
0
0
0
0
0
0
0
0
0
0
0
0
0
0
0
0
0
0
0
0
0
0
0
0
0
0
0
0
0
0
0
0
0
0
0
0
0
0
0
0
0
0
0
0
0
0
0
0
0
0
0
0
0
0
0
0
0
0
0
0
0
0
0
0
0
0
0
0
0
0
0
0
0
0
0
0
0
0
0
0
0
0
0
0
0
0
0
0
0
0
0
0
0
0
0
0
0
0
0
0
0
0
0
0
0
0
0
0
0
0
0
0
0
0
0
0
0
0
0
0
0
0
0
0
0
0
0
0
0
0
0
0
0
0
0
0
0
0
0
0
0
0
0
0
0
0
0
0
0
0
0
0
0
0
0
0
0
0
0
0
0
0
0
0
0
0
0
0
0
0
0
0
0
0
0
0
0
0
0
0
0
