#################################### 
# Matrix Size= (10,400,10)
# Resol      = (1,200,1)
# VoxelSize  = (10,2,10)
# nbVal      = 200
#################################### 
0
0
0
0
0
0
0
0
0
0
0
0
0
0
0
0
0
0
0
0
0
0
0
0
0
0
0
0
0
0
0
0
0
0
0
0
0
0
0
0
0
0
0
0
0
0
0
0
0
1.50191e-07
9.93377e-07
9.71325e-07
8.60247e-07
9.61227e-07
9.72741e-07
1.00468e-06
8.72091e-07
8.25866e-07
7.95199e-07
8.0987e-07
8.34575e-07
9.03194e-07
9.76301e-07
1.03063e-06
1.1082e-06
1.19344e-06
1.30888e-06
1.40812e-06
1.51602e-06
1.70065e-06
1.82806e-06
2.02347e-06
2.21074e-06
2.48375e-06
2.79813e-06
3.10744e-06
3.54428e-06
4.12808e-06
5.21127e-06
7.67646e-06
1.36985e-05
1.99012e-05
2.74336e-05
4.06668e-05
6.33696e-05
0.000113377
0.000275258
0.000380777
0.000419945
0.000437943
0.00044964
0.000454242
0.000459647
0.000461463
0.000462665
0.000463036
0.000461544
0.000457887
0.000452868
0.000444885
0.000434791
0.000415644
0.0003801
0.000277085
0.000117656
6.77255e-05
4.30067e-05
2.89088e-05
2.01491e-05
1.42904e-05
1.06533e-05
8.02678e-06
6.27657e-06
5.07444e-06
4.18488e-06
3.48453e-06
2.97811e-06
2.59616e-06
2.27709e-06
2.08695e-06
1.91908e-06
1.73997e-06
1.59411e-06
1.44152e-06
1.32679e-06
1.27061e-06
1.13017e-06
1.05145e-06
9.96419e-07
9.19413e-07
8.625e-07
8.14715e-07
7.68962e-07
7.07109e-07
6.48929e-07
6.19466e-07
5.75934e-07
5.61171e-07
5.29315e-07
4.9148e-07
4.77905e-07
4.62984e-07
4.48401e-07
4.77051e-07
5.2674e-07
5.57268e-07
5.61829e-07
5.74592e-07
6.03481e-07
6.12809e-07
8.33777e-08
0
0
0
0
0
0
0
0
0
0
0
0
0
0
0
0
0
0
0
0
0
0
0
0
0
0
0
0
0
0
0
0
0
0
0
0
0
0
0
0
0
0
0
0
0
0
0
0
0
