#################################### 
# Matrix Size= (10,400,10)
# Resol      = (1,200,1)
# VoxelSize  = (10,2,10)
# nbVal      = 200
#################################### 
0
0
0
0
0
0
0
0
0
0
0
0
0
0
0
0
0
0
0
0
0
0
0
0
0
0
0
0
0
0
0
0
0
0
0
0
0
0
0
0
0
0
0
0
0
0
0
0
0
0
0
0
0
0
0
2
1
3
4
0
1
0
0
0
0
0
0
1
0
0
0
0
0
0
1
1
2
6
21
88
155
108
154
276
412
687
1261
1920
2695
3221
3680
3892
4042
3992
3971
3857
3678
3251
2511
2035
1983
1861
1557
1247
727
446
305
195
124
85
62
44
19
7
14
8
1
3
1
0
1
1
1
0
0
0
0
1
0
0
0
1
0
0
0
0
0
0
0
0
0
1
0
1
2
1
0
0
0
0
0
0
0
0
0
0
0
0
0
0
0
0
0
0
0
0
0
0
0
0
0
0
0
0
0
0
0
0
0
0
0
0
0
0
0
0
0
0
0
0
0
0
0
0
0
0
0
0
0
0
