#################################### 
# Matrix Size= (10,400,10)
# Resol      = (1,200,1)
# VoxelSize  = (10,2,10)
# nbVal      = 200
#################################### 
0
0
0
0
0
0
0
0
0
0
0
0
0
0
0
0
0
0
0
0
0
0
0
0
0
0
0
0
0
4.33965e-07
4.55825e-07
4.39279e-07
3.9231e-07
4.18079e-07
4.11827e-07
3.87819e-07
3.88066e-07
3.68084e-07
3.34627e-07
3.02852e-07
2.88431e-07
2.81969e-07
2.89331e-07
2.93702e-07
3.1196e-07
3.25297e-07
3.34844e-07
3.56512e-07
3.79662e-07
4.00688e-07
4.1996e-07
4.48334e-07
4.55597e-07
4.80007e-07
5.11073e-07
5.33926e-07
5.15634e-07
5.33198e-07
5.67661e-07
5.24698e-07
5.76245e-07
6.34721e-07
6.62187e-07
7.19287e-07
7.72637e-07
8.09042e-07
8.1356e-07
8.58648e-07
8.75388e-07
9.73851e-07
1.07624e-06
1.22535e-06
1.38929e-06
1.72765e-06
2.36479e-06
2.90888e-06
3.3544e-06
3.81922e-06
4.09122e-06
4.33923e-06
4.66109e-06
5.61929e-06
6.45015e-06
7.07758e-06
7.97661e-06
8.74459e-06
9.87876e-06
1.12217e-05
1.25439e-05
1.33287e-05
1.41199e-05
1.53355e-05
1.67052e-05
1.8082e-05
1.98794e-05
2.20033e-05
2.46861e-05
2.69558e-05
2.96434e-05
3.25974e-05
3.60624e-05
3.94801e-05
4.25776e-05
4.63096e-05
4.81258e-05
5.02958e-05
6.12718e-05
7.5467e-05
9.42656e-05
0.000114875
0.00014002
0.000175351
0.000238754
0.000343814
0.000438153
0.000488366
0.000553834
0.00060851
0.00062932
0.000631696
0.000633521
0.000634971
0.000633647
0.000620335
0.000624374
0.000626852
0.00062342
0.0006155
0.000615917
0.000608274
0.000592522
0.000575401
0.000549646
0.000505047
0.000427282
0.000321406
0.000219931
0.000147354
0.000108199
8.21981e-05
6.32259e-05
4.76107e-05
3.50637e-05
2.44857e-05
1.67394e-05
1.25445e-05
1.04169e-05
9.18088e-06
8.31441e-06
7.6313e-06
6.99958e-06
6.49499e-06
6.03119e-06
5.62518e-06
5.25215e-06
4.92225e-06
4.59176e-06
4.32695e-06
4.08635e-06
3.8373e-06
3.58128e-06
3.40439e-06
3.22662e-06
3.03669e-06
2.80652e-06
2.70943e-06
2.3839e-06
2.08437e-06
1.87911e-06
1.74308e-06
1.82083e-06
0
0
0
0
0
0
0
0
0
0
0
0
0
0
0
0
0
0
0
0
0
0
0
0
0
0
0
0
0
