#################################### 
# Matrix Size= (10,400,10)
# Resol      = (1,200,1)
# VoxelSize  = (10,2,10)
# nbVal      = 200
#################################### 
0
0
0
0
0
0
0
0
0
0
0
0
0
0
0
0
0
0
0
0
0
0
0
0
0
0
0
0
0
0
0
0
0
0
0
0
0
0
0
0
0
0
0
0
0
0
0
0
0
3.13041e-06
2.14199e-05
2.22353e-05
2.31156e-05
2.39916e-05
2.76013e-05
8.73721e-05
0.000220651
0.000376688
0.000480022
0.000533997
0.000563308
0.000577475
0.000582776
0.000582824
0.000581139
0.00057442
0.000568649
0.000561947
0.000554388
0.000549071
0.000540893
0.000534598
0.000528019
0.000520986
0.000513719
0.000507661
0.000500999
0.000492308
0.000486895
0.00047946
0.000468797
0.000462447
0.000460223
0.000453419
0.00044579
0.000441419
0.000440476
0.000435573
0.000432622
0.000428575
0.000424909
0.000419751
0.000415593
0.000411157
0.000406008
0.000401547
0.00039602
0.000391443
0.000386224
0.000381096
0.000371516
0.000367082
0.000361087
0.000355337
0.000350427
0.000345585
0.000341681
0.000337894
0.000334722
0.000331545
0.000327909
0.000326197
0.000322845
0.000319352
0.000316729
0.000314382
0.000313283
0.000310606
0.00030905
0.000307392
0.000307729
0.000305256
0.000302667
0.000301142
0.000298628
0.000295635
0.000292668
0.000289064
0.000286163
0.000282069
0.00027939
0.000275684
0.000272736
0.000269595
0.000265571
0.00026266
0.000258981
0.000256107
0.000252453
0.000249811
0.000246097
0.000242605
0.000239599
0.000233287
0.000212102
0.000170311
0.000135602
0.000126726
0.00012193
0.000115679
1.61748e-05
0
0
0
0
0
0
0
0
0
0
0
0
0
0
0
0
0
0
0
0
0
0
0
0
0
0
0
0
0
0
0
0
0
0
0
0
0
0
0
0
0
0
0
0
0
0
0
0
0
