#################################### 
# Matrix Size= (10,400,10)
# Resol      = (1,200,1)
# VoxelSize  = (10,2,10)
# nbVal      = 200
#################################### 
0
0
0
0
0
0
0
0
0
0
0
0
0
0
0
0
0
0
0
0
0
0
0
0
0
0
0
0
0
0
0
0
0
0
0
0
0
0
0
0
0
0
0
0
0
0
0
0
0
0
6
8
5
13
62
2047
5693
8337
9125
9290
8177
9074
8215
8717
8412
8298
8895
7510
8410
7649
8095
7647
7756
8113
6828
7510
7067
7468
7327
6948
5847
1736
2448
2060
2470
2580
4719
5668
5107
5289
4874
5221
5315
4927
5233
4581
4990
4665
4913
5096
2630
2074
1664
1969
1653
1887
2182
1617
2105
1713
1926
1904
1839
2110
1471
1989
1642
1979
1914
1792
3062
4607
5029
4783
4836
4883
4640
4916
4466
4662
4547
4422
4676
4159
4543
4058
4372
4137
4213
4421
3546
4117
3749
3977
2978
1564
350
9
50
28
0
0
0
0
0
0
0
0
0
0
0
0
0
0
0
0
0
0
0
0
0
0
0
0
0
0
0
0
0
0
0
0
0
0
0
0
0
0
0
0
0
0
0
0
0
0
0
0
0
0
