#################################### 
# Matrix Size= (10,400,10)
# Resol      = (1,200,1)
# VoxelSize  = (10,2,10)
# nbVal      = 200
#################################### 
0
0
0
0
0
0
0
0
0
0
0
0
0
0
0
0
0
0
0
0
0
0
0
0
0
0
0
0
0
0
0
0
0
0
0
0
0
0
0
0
0
0
0
0
0
0
0
0
0
0
0
1
0
0
18
775
2929
5393
7274
7760
8300
8527
8698
8361
8530
8350
8263
8109
8210
8065
7850
8042
7805
7599
7564
7484
7335
7150
7307
7162
5094
2004
2167
2184
2151
2491
5015
5624
5543
5300
5246
5218
5108
5015
4945
4965
4853
4912
4902
4527
2837
1813
1693
1726
1656
1776
1866
1890
1825
1806
1741
1838
1815
1839
1632
1622
1813
1797
1794
1796
2854
5027
4861
4877
4850
4761
4720
4567
4682
4653
4572
4497
4437
4426
4348
4275
4359
4181
4243
4105
4048
3965
3971
3659
2710
1153
158
8
9
6
0
0
0
0
0
0
0
0
0
0
0
0
0
0
0
0
0
0
0
0
0
0
0
0
0
0
0
0
0
0
0
0
0
0
0
0
0
0
0
0
0
0
0
0
0
0
0
0
0
0
