#################################### 
# Matrix Size= (10,400,10)
# Resol      = (1,200,1)
# VoxelSize  = (10,2,10)
# nbVal      = 200
#################################### 
0
0
0
0
0
0
0
0
0
0
0
0
0
0
0
0
0
0
0
0
0
0
0
0
0
0
0
0
0
0
0
0
0
0
0
0
0
0
0
0
0
0
0
0
0
0
0
0
0
2.98431e-07
1.91084e-06
1.89109e-06
1.86823e-06
1.92615e-06
1.92702e-06
1.91729e-06
1.84198e-06
1.71692e-06
1.61469e-06
1.66493e-06
1.71867e-06
1.80176e-06
1.94958e-06
2.08308e-06
2.23131e-06
2.38928e-06
2.62664e-06
2.85024e-06
3.05515e-06
3.32873e-06
3.68583e-06
4.06681e-06
4.51804e-06
4.99513e-06
5.53162e-06
6.24081e-06
7.22045e-06
8.41341e-06
1.06861e-05
1.5747e-05
2.79636e-05
4.07815e-05
5.68632e-05
8.23949e-05
0.000122802
0.000200268
0.000586841
0.000840049
0.000894764
0.000917294
0.000929751
0.000933116
0.000935861
0.000936207
0.000938297
0.000941926
0.000941211
0.000939306
0.000931987
0.000918553
0.000877642
0.000833416
0.000762786
0.000554555
0.000235581
0.000135503
8.56355e-05
5.73247e-05
4.00007e-05
2.87405e-05
2.10261e-05
1.6107e-05
1.25509e-05
9.97069e-06
8.3325e-06
7.01561e-06
5.94669e-06
5.25918e-06
4.63108e-06
4.14879e-06
3.79831e-06
3.45719e-06
3.12807e-06
2.88091e-06
2.68704e-06
2.46661e-06
2.31294e-06
2.12021e-06
1.96804e-06
1.82973e-06
1.75463e-06
1.63758e-06
1.49348e-06
1.42177e-06
1.33243e-06
1.25065e-06
1.17664e-06
1.1307e-06
1.06653e-06
1.00284e-06
9.71431e-07
9.30744e-07
9.16402e-07
9.35766e-07
1.09288e-06
1.15396e-06
1.11006e-06
1.21715e-06
1.25653e-06
1.22146e-06
1.88966e-07
0
0
0
0
0
0
0
0
0
0
0
0
0
0
0
0
0
0
0
0
0
0
0
0
0
0
0
0
0
0
0
0
0
0
0
0
0
0
0
0
0
0
0
0
0
0
0
0
0
