#################################### 
# Matrix Size= (3000,10,10)
# Resol      = (1500,1,1)
# VoxelSize  = (2,10,10)
# nbVal      = 1500
#################################### 
0
0
0
0
0
0
0
0
0
0
0
0
0
0
0
0
0
0
0
0
0
0
0
0
0
0
0
0
0
0
0
0
0
0
0
0
0
0
0
0
0
0
0
0
0
0
0
0
0
0
0
0
0
0
0
0
0
0
0
0
0
0
0
0
0
0
0
0
0
0
0
0
0
0
0
0
0
0
0
0
0
0
0
0
0
0
0
0
0
0
0
0
0
0
0
0
0
0
0
0
0
0
0
0
0
0
0
0
0
0
0
0
0
0
0
0
0
0
0
0
0
0
0
0
0
0
0
0
0
0
0
0
0
0
0
0
0
0
0
0
0
0
0
0
0
0
0
0
0
0
0
0
0
0
0
0
0
0
0
0
0
0
0
0
0
0
0
0
0
0
0
0
0
0
0
0
0
0
0
0
0
0
0
0
0
0
0
0
0
0
0
0
0
0
0
0
0
0
0
0
0
0
0
0
0
0
0
0
0
0
0
0
0
0
0
0
0
0
0
0
0
0
0
0
0
0
0
0
0
0
0
0
0
0
0
0
0
0
0
0
0
0
0
0
0
0
0
0
0
0
0
0
0
0
0
0
0
0
0
0
0
0
0
0
0
0
0
0
0
0
0
0
0
0
0
0
0
0
0
0
0
0
0
0
0
0
0
0
0
0
0
0
0
0
0
0
0
0
0
0
0
0
0
0
0
0
0
0
0
0
0
0
0
0
0
0
0
0
0
0
0
0
0
0
0
0
0
0
0
0
0
0
0
0
0
0
0
0
0
0
0
0
0
0
0
0
0
0
0
0
0
0
0
0
0
0
0
0
0
0
0
0
0
0
0
0
0
0
0
0
0
0
0
0
0
0
0
0
0
0
0
0
0
0
0
0
0
0
0
0
0
0
0
0
0
0
0
0
0
0
0
0
0
0
0
0
0
0
0
0
0
0
0
0
0
0
0
0
0
0
0
0
0
0
0
0
0
0
0
0
0
0
0
0
0
0
0
0
0
0
0
0
0
0
0
0
0
0
0
0
0
0
0
0
0
0
0
0
0
0
0
0
0
0
0
0
0
0
0
0
0
0
0
0
0
0
0
0
0
0
0
0
0
0
0
0
0
0
0
0
0
0
0
0
0
0
0
0
0
0
0
0
0
0
0
0
0
0
0
0
0
0
0
0
0
0
0
0
0
0
0
0
0
0
0
0
0
0
0
0
0
0
0
0
0
0
0
0
0
0
0
0
0
0
0
0
0
0
0
0
0
0
0
0
0
0
0
0
0
0
0
0
0
0
0
0
0
0
0
0
0
0
0
0
0
0
0
0
0
0
0
0
0
0
0
0
0
0
0
0
0
0
0
0
0
0
0
0
0
0
0
0
0
0
0
0
0
0
0
0
0
0
0
0
0
0
0
0
0
0
0
0
0
0
0
0
0
0
0
0
0
0
0
0
0
0
0
0
0
0
0
0
0
0
0
0
0
0
0
0
0
0
0
0
0
0
0
0
0
0
0
0
0
0
0
0
0
0
0
0
0
0
0
0
2.40605e-06
1.262e-05
1.46776e-05
1.50393e-05
1.52132e-05
1.52949e-05
1.54802e-05
1.55399e-05
1.57823e-05
1.60748e-05
1.61088e-05
1.62255e-05
1.6325e-05
1.63508e-05
1.65697e-05
1.65733e-05
1.67288e-05
1.6817e-05
1.70485e-05
1.71176e-05
1.72328e-05
1.73025e-05
1.74804e-05
1.75937e-05
1.76272e-05
1.76458e-05
1.80044e-05
1.8061e-05
1.79203e-05
1.8084e-05
1.81244e-05
1.82236e-05
1.85099e-05
1.85088e-05
1.84609e-05
1.85957e-05
1.88569e-05
1.90614e-05
1.90033e-05
1.8962e-05
1.9032e-05
1.9222e-05
1.93084e-05
1.93147e-05
1.94847e-05
1.95468e-05
1.96302e-05
1.97313e-05
1.96601e-05
1.96821e-05
1.99078e-05
1.99344e-05
1.99087e-05
2.01181e-05
2.01161e-05
2.01266e-05
2.03299e-05
2.02487e-05
2.02723e-05
2.04151e-05
2.02367e-05
2.02999e-05
2.03638e-05
2.0416e-05
2.03001e-05
2.02778e-05
2.01401e-05
2.02274e-05
2.02324e-05
2.02289e-05
2.00512e-05
2.01569e-05
1.99739e-05
1.98923e-05
1.99976e-05
1.98581e-05
1.96531e-05
1.96897e-05
1.95478e-05
1.94558e-05
1.91406e-05
1.91594e-05
1.89792e-05
1.86619e-05
1.86175e-05
1.84623e-05
1.82982e-05
1.7925e-05
1.77202e-05
1.75315e-05
1.72422e-05
1.71681e-05
1.68381e-05
1.67462e-05
1.64387e-05
1.60747e-05
1.59483e-05
1.57061e-05
1.55993e-05
1.56701e-05
1.58977e-05
1.63954e-05
1.7598e-05
2.01558e-05
2.45871e-05
2.84602e-05
3.01242e-05
3.05722e-05
3.07226e-05
3.09776e-05
3.12038e-05
3.11102e-05
3.14893e-05
3.16369e-05
3.13085e-05
3.09904e-05
3.09494e-05
3.07272e-05
3.04046e-05
3.01347e-05
2.9576e-05
2.92185e-05
2.8988e-05
2.82053e-05
2.66835e-05
2.62417e-05
2.57198e-05
2.50925e-05
2.47447e-05
2.41102e-05
2.34781e-05
2.27934e-05
2.21119e-05
2.10629e-05
1.96199e-05
1.90271e-05
1.80929e-05
1.70207e-05
1.61979e-05
1.47069e-05
1.25149e-05
9.73181e-06
6.77157e-06
5.55232e-06
5.24902e-06
5.21146e-06
5.3318e-06
5.77855e-06
6.62046e-06
8.50028e-06
9.68117e-06
2.03687e-06
0
0
0
0
0
0
0
0
0
0
0
0
0
0
0
0
0
0
0
0
0
0
0
0
0
0
0
0
0
0
0
0
0
0
0
0
0
0
0
0
0
0
0
0
0
0
0
0
0
0
0
0
0
0
0
0
0
0
0
0
0
0
0
0
0
0
0
0
0
0
0
0
0
0
0
0
0
0
0
0
0
0
0
0
0
0
0
0
0
0
0
0
0
0
0
0
0
0
0
0
0
0
0
0
0
0
0
0
0
0
0
0
0
0
0
0
0
0
0
0
0
0
0
0
0
0
0
0
0
0
0
0
0
0
0
0
0
0
0
0
0
0
0
0
0
0
0
0
0
0
0
0
0
0
0
0
0
0
0
0
0
0
0
0
0
0
0
0
0
0
0
0
0
0
0
0
0
0
0
0
0
0
0
0
0
0
0
0
0
0
0
0
0
0
0
0
0
0
0
0
0
0
0
0
0
0
0
0
0
0
0
0
0
0
0
0
0
0
0
0
0
0
0
0
0
0
0
0
0
0
0
0
0
0
0
0
0
0
0
0
0
0
0
0
0
0
0
0
0
0
0
0
0
0
0
0
0
0
0
0
0
0
0
0
0
0
0
0
0
0
0
0
0
0
0
0
0
0
0
0
0
0
0
0
0
0
0
0
0
0
0
0
0
0
0
0
0
0
0
0
0
0
0
0
0
0
0
0
0
0
0
0
0
0
0
0
0
0
0
0
0
0
0
0
0
0
0
0
0
0
0
0
0
0
0
0
0
0
0
0
0
0
0
0
0
0
0
0
0
0
0
0
0
0
0
0
0
0
0
0
0
0
0
0
0
0
0
0
0
0
0
0
0
0
0
0
0
0
0
0
0
0
0
0
0
0
0
0
0
0
0
0
0
0
0
0
0
0
0
0
0
0
0
0
0
0
0
0
0
0
0
0
0
0
0
0
0
0
0
0
0
0
0
0
0
0
0
0
0
0
0
0
0
0
0
0
0
0
0
0
0
0
0
0
0
0
0
0
0
0
0
0
0
0
0
0
0
0
0
0
0
0
0
0
0
0
0
0
0
0
0
0
0
0
0
0
0
0
0
0
0
0
0
0
0
0
0
0
0
0
0
0
0
0
0
0
0
0
0
0
0
0
0
0
0
0
0
0
0
0
0
0
0
0
0
0
0
0
0
0
0
0
0
0
0
0
0
0
0
0
0
0
0
0
0
0
0
0
0
0
0
0
0
0
0
0
0
0
0
0
0
0
0
0
0
0
0
0
0
0
0
0
0
0
0
0
0
0
0
0
0
0
0
0
0
0
0
0
0
0
0
0
0
0
0
0
0
0
0
0
0
0
0
0
0
0
0
0
0
0
0
0
0
0
0
0
0
0
0
0
0
0
0
0
0
0
0
0
0
0
0
0
0
0
0
0
0
0
0
0
0
0
0
0
0
0
0
0
0
0
0
0
0
0
0
0
0
0
0
0
0
0
0
0
0
0
0
0
0
0
0
0
0
0
0
0
0
0
0
0
0
0
0
0
