#################################### 
# Matrix Size= (10,400,10)
# Resol      = (1,200,1)
# VoxelSize  = (10,2,10)
# nbVal      = 200
#################################### 
0
0
0
0
0
0
0
0
0
0
0
0
0
0
0
0
0
0
0
0
0
0
0
0
0
0
0
0
0
0
0
0
0
0
0
0
0
0
0
0
0
0
0
0
0
0
0
0
0
0
0
0
0
0
0
2
4
6
1
1
0
1
0
0
0
0
0
0
1
0
2
3
0
1
3
4
4
17
54
131
270
228
322
523
795
1421
6153
9704
10923
11167
11016
11112
10937
11214
11053
11344
11292
11532
11501
11224
6192
3706
3255
2367
1337
866
626
376
229
161
110
75
38
31
16
10
5
2
2
1
0
2
1
0
0
0
0
0
0
1
0
0
1
0
0
0
0
0
0
0
0
2
1
1
3
1
0
0
0
0
0
0
0
0
0
0
0
0
0
0
0
0
0
0
0
0
0
0
0
0
0
0
0
0
0
0
0
0
0
0
0
0
0
0
0
0
0
0
0
0
0
0
0
0
0
0
0
0
0
0
