#################################### 
# Matrix Size= (10,400,10)
# Resol      = (1,200,1)
# VoxelSize  = (10,2,10)
# nbVal      = 200
#################################### 
0
0
0
0
0
0
0
0
0
0
0
0
0
0
0
0
0
0
0
0
0
0
0
0
0
0
0
0
0
0
0
0
0
0
0
0
0
0
0
0
0
0
0
0
0
0
0
0
0
3.64523e-07
2.51104e-06
2.53222e-06
2.29001e-06
2.19658e-06
2.23896e-06
3.08208e-06
4.192e-06
5.06471e-06
5.57547e-06
5.83712e-06
6.20574e-06
6.51799e-06
6.92985e-06
7.35493e-06
7.7715e-06
8.3116e-06
8.69801e-06
9.22241e-06
9.93563e-06
1.06195e-05
1.12801e-05
1.21662e-05
1.3105e-05
1.42673e-05
1.57312e-05
1.77586e-05
2.1503e-05
2.84777e-05
4.27631e-05
7.50097e-05
0.000158001
0.00026054
0.000371353
0.000498182
0.000623206
0.000724303
0.000787637
0.000826634
0.000853064
0.000863889
0.00087452
0.000879989
0.00088751
0.000891076
0.000894557
0.000899465
0.00090078
0.000901322
0.000893123
0.000887973
0.000876628
0.000865802
0.000856546
0.000835211
0.000804383
0.000737377
0.000621354
0.000489753
0.000350129
0.000220674
0.000135451
9.55719e-05
6.99523e-05
5.18e-05
3.92104e-05
3.02821e-05
2.30896e-05
1.77064e-05
1.37392e-05
1.05099e-05
8.03326e-06
5.8862e-06
4.85756e-06
4.17769e-06
3.7045e-06
3.29856e-06
3.01755e-06
2.69898e-06
2.45238e-06
2.23015e-06
2.04881e-06
1.86792e-06
1.70401e-06
1.58524e-06
1.46669e-06
1.37041e-06
1.26561e-06
1.24201e-06
1.24404e-06
1.22573e-06
1.26514e-06
1.3394e-06
1.54751e-06
1.86118e-06
2.31142e-06
2.53509e-06
2.49676e-06
2.33504e-06
2.39711e-06
2.33753e-06
3.77541e-07
0
0
0
0
0
0
0
0
0
0
0
0
0
0
0
0
0
0
0
0
0
0
0
0
0
0
0
0
0
0
0
0
0
0
0
0
0
0
0
0
0
0
0
0
0
0
0
0
0
