#################################### 
# Matrix Size= (10,400,10)
# Resol      = (1,200,1)
# VoxelSize  = (10,2,10)
# nbVal      = 200
#################################### 
0
0
0
0
0
0
0
0
0
0
0
0
0
0
0
0
0
0
0
0
0
0
0
0
0
0
0
0
0
0
0
0
0
0
0
0
0
0
0
0
0
0
0
0
0
0
0
0
0
0
0
0
0
0
1
2
9
14
10
14
9
8
20
17
26
15
14
24
25
35
22
39
42
51
57
66
138
236
563
1156
1876
1271
1745
2356
3032
3612
6165
8411
10116
10462
10678
10634
10689
10896
10856
10937
11195
10903
10339
8745
5581
4331
4477
3925
3625
3496
3040
2594
1903
1315
857
647
454
374
238
180
109
97
67
43
28
17
4
1
1
0
0
0
1
0
1
0
0
0
0
1
2
1
3
1
2
6
13
8
14
8
0
0
0
1
0
0
0
0
0
0
0
0
0
0
0
0
0
0
0
0
0
0
0
0
0
0
0
0
0
0
0
0
0
0
0
0
0
0
0
0
0
0
0
0
0
0
0
0
0
0
0
0
0
0
