#################################### 
# Matrix Size= (10,400,10)
# Resol      = (1,200,1)
# VoxelSize  = (10,2,10)
# nbVal      = 200
#################################### 
0
0
0
0
0
0
0
0
0
0
0
0
0
0
0
0
0
0
0
0
0
0
0
0
0
0
0
0
0
0
0
0
0
0
0
0
0
0
0
0
0
0
0
0
0
0
0
0
0
0
0
0
0
0
0
3
5
11
11
16
10
10
13
16
24
15
18
23
26
31
28
36
38
43
36
66
70
76
87
102
410
833
1594
2396
3962
4387
7706
9055
10357
10476
10290
10844
9818
11238
10818
10877
11108
10489
10398
8278
6705
5058
4783
4887
4327
4686
3360
2906
1618
519
30
27
11
15
8
5
6
1
0
0
0
0
1
0
1
0
0
0
0
0
0
1
0
0
1
0
0
1
1
0
0
0
0
0
0
0
0
0
0
0
0
0
0
0
0
0
0
0
0
0
0
0
0
0
0
0
0
0
0
0
0
0
0
0
0
0
0
0
0
0
0
0
0
0
0
0
0
0
0
0
0
0
0
0
0
0
0
0
0
0
