#################################### 
# Matrix Size= (10,400,10)
# Resol      = (1,200,1)
# VoxelSize  = (10,2,10)
# nbVal      = 200
#################################### 
0
0
0
0
0
0
0
0
0
0
0
0
0
0
0
0
0
0
0
0
0
0
0
0
0
0
0
0
0
313.264
392.561
366.832
285.719
372.728
272.29
321.259
711.561
1512.21
1875.7
1703.94
1485.65
1383.62
1315.29
1280.74
1279
1346.31
1454.12
1577.24
1708.6
1876.84
2051.56
2194.49
2377.32
2551.2
2734.61
2509.9
2086.88
1743.01
1491.79
1446.66
1790.3
1779.25
1894.8
2239.58
2628.01
2964.48
4492.46
6187.72
7673.87
10850.5
14913.4
18212.1
20690.8
27691.4
39971.6
38070.2
29628.6
22903
17187.1
14472.7
14656.8
21556
19994.3
20753.8
18158.5
17717.9
20560.6
20567.5
17753.4
10194.9
4506.93
2811.73
1778.05
378.422
369.507
360.885
351.656
345.536
337.097
329.845
324.603
315.929
310.596
306.16
822.419
26070
55155.9
49983.6
68867
82876.7
82082.1
94456
96726.6
95474.5
85195.5
80913.3
201536
321717
231759
119084
84679.4
65235.8
50986.9
38112.2
32148.5
30473.7
31771.3
29092.7
24846.3
23354
18253.2
15914.5
14264
12247.5
10601.4
9556.45
7412
6253.7
6257.76
6082.72
7293.9
9120.4
10260.7
11550.2
10946.4
9036.38
7923.25
7277.34
6975.33
6816.28
6679.55
6736.78
6847.56
6583.45
6220.24
5900.24
5481.57
5301.8
5123.61
4708.82
4299.01
4236.32
4175.63
4191.47
4160.99
3686.35
2988.35
2318.82
1381.07
574.7
963.986
0
0
0
0
0
0
0
0
0
0
0
0
0
0
0
0
0
0
0
0
0
0
0
0
0
0
0
0
0
