#################################### 
# Matrix Size= (3000,10,10)
# Resol      = (1500,1,1)
# VoxelSize  = (2,10,10)
# nbVal      = 1500
#################################### 
0
0
0
0
0
0
0
0
0
0
0
0
0
0
0
0
0
0
0
0
0
0
0
0
0
0
0
0
0
0
0
0
0
0
0
0
0
0
0
0
0
0
0
0
0
0
0
0
0
0
0
0
0
0
0
0
0
0
0
0
0
0
0
0
0
0
0
0
0
0
0
0
0
0
0
0
0
0
0
0
0
0
0
0
0
0
0
0
0
0
0
0
0
0
0
0
0
0
0
0
0
0
0
0
0
0
0
0
0
0
0
0
0
0
0
0
0
0
0
0
0
0
0
0
0
0
0
0
0
0
0
0
0
0
0
0
0
0
0
0
0
0
0
0
0
0
0
0
0
0
0
0
0
0
0
0
0
0
0
0
0
0
0
0
0
0
0
0
0
0
0
0
0
0
0
0
0
0
0
0
0
0
0
0
0
0
0
0
0
0
0
0
0
0
0
0
0
0
0
0
0
0
0
0
0
0
0
0
0
0
0
0
0
0
0
0
0
0
0
0
0
0
0
0
0
0
0
0
0
0
0
0
0
0
0
0
0
0
0
0
0
0
0
0
0
0
0
0
0
0
0
0
0
0
0
0
0
0
0
0
0
0
0
0
0
0
0
0
0
0
0
0
0
0
0
0
0
0
0
0
0
0
0
0
0
0
0
0
0
0
0
0
0
0
0
0
0
0
0
0
0
0
0
0
0
0
0
0
0
0
0
0
0
0
0
0
0
0
0
0
0
0
0
0
0
0
0
0
0
0
0
0
0
0
0
0
0
0
0
0
0
0
0
0
0
0
0
0
0
0
0
0
0
0
0
0
0
0
0
0
0
0
0
0
0
0
0
0
0
0
0
0
0
0
0
0
0
0
0
0
0
0
0
0
0
0
0
0
0
0
0
0
0
0
0
0
0
0
0
0
0
0
0
0
0
0
0
0
0
0
0
0
0
0
0
0
0
0
0
0
0
0
0
0
0
0
0
0
0
0
0
0
0
0
0
0
0
0
0
0
0
0
0
0
0
0
0
0
0
0
0
0
0
0
0
0
0
0
0
0
0
0
0
0
0
0
0
0
0
0
0
0
0
0
0
0
0
0
0
0
0
0
0
0
0
0
0
0
0
0
0
0
0
0
0
0
0
0
0
0
0
0
0
0
0
0
0
0
0
0
0
0
0
0
0
0
0
0
0
0
0
0
0
0
0
0
0
0
0
0
0
0
0
0
0
0
0
0
0
0
0
0
0
0
0
0
0
0
0
0
0
0
0
0
0
0
0
0
0
0
0
0
0
0
0
0
0
0
0
0
0
0
0
0
0
0
0
0
0
0
0
0
0
0
0
0
0
0
0
0
0
0
0
0
0
0
0
0
0
0
0
0
0
0
0
0
0
0
0
0
0
0
0
0
0
0
0
0
0
0
0
0
0
0
0
0
0
0
0
0
0
0
0
0
0
0
0
0
0
0
0
0
0
0
0
0
0
0
0
0
0
0
0
0
0
0
0
0
0
0
1.72181e-07
2.29854e-07
2.18045e-07
2.35173e-07
2.05967e-07
2.48909e-07
2.48996e-07
2.52187e-07
2.6374e-07
2.87611e-07
2.92494e-07
3.03734e-07
2.99058e-07
3.17649e-07
3.12671e-07
3.29091e-07
3.29909e-07
3.48619e-07
3.71273e-07
3.66471e-07
3.75345e-07
3.91417e-07
4.04537e-07
4.08449e-07
4.29023e-07
4.31594e-07
4.55074e-07
4.82862e-07
4.35841e-07
4.41888e-07
4.68449e-07
4.74784e-07
4.28164e-07
4.18098e-07
4.59273e-07
4.57186e-07
4.98624e-07
4.76176e-07
5.14332e-07
5.08562e-07
5.4221e-07
5.48177e-07
5.18865e-07
5.22068e-07
5.3065e-07
5.23333e-07
5.3601e-07
5.64436e-07
5.87315e-07
6.00113e-07
6.11499e-07
5.87886e-07
6.25791e-07
6.49491e-07
6.58955e-07
6.84165e-07
7.46591e-07
7.03676e-07
7.13535e-07
7.65457e-07
7.72239e-07
7.77085e-07
7.96974e-07
7.86169e-07
8.43731e-07
8.77318e-07
9.13521e-07
9.12285e-07
9.27223e-07
9.3579e-07
8.98977e-07
9.14152e-07
9.80412e-07
1.06325e-06
1.14398e-06
1.2186e-06
1.21577e-06
1.24017e-06
1.32144e-06
1.32383e-06
1.41204e-06
1.53739e-06
1.55275e-06
1.63889e-06
1.70462e-06
1.75187e-06
1.8639e-06
1.86998e-06
2.02502e-06
2.12635e-06
2.11815e-06
2.24843e-06
2.24966e-06
2.34266e-06
2.4975e-06
2.63572e-06
2.79838e-06
2.94841e-06
3.124e-06
3.28686e-06
3.46009e-06
3.698e-06
4.05254e-06
4.67222e-06
5.83904e-06
7.52998e-06
8.90803e-06
1.04481e-05
1.19208e-05
1.38654e-05
1.60536e-05
1.89864e-05
2.30636e-05
2.72691e-05
3.41019e-05
4.50979e-05
5.8962e-05
7.43459e-05
9.34626e-05
0.000115268
0.000157715
0.000254305
0.000380323
0.00050563
0.000556118
0.000561577
0.000561874
0.000545874
0.000530152
0.000503772
0.000488995
0.000462036
0.000443169
0.000430287
0.000425056
0.000415307
0.000408181
0.000401443
0.000388932
0.000353087
0.000339021
0.00033518
0.000314966
0.000258777
0.000178208
0.00011232
7.91688e-05
5.78464e-05
4.36385e-05
3.54942e-05
2.87668e-05
2.07247e-05
1.31385e-05
9.24252e-06
7.79373e-06
6.90681e-06
6.25257e-06
5.85839e-06
5.34732e-06
4.90104e-06
4.56857e-06
4.2207e-06
3.97938e-06
3.66992e-06
3.40907e-06
3.16588e-06
2.98405e-06
2.7367e-06
2.53541e-06
2.41633e-06
2.25336e-06
2.19215e-06
2.20445e-06
2.26361e-06
2.32154e-06
2.55869e-06
2.3292e-06
2.14757e-06
2.49961e-06
2.34933e-06
0
0
0
0
0
0
0
0
0
0
0
0
0
0
0
0
0
0
0
0
0
0
0
0
0
0
0
0
0
0
0
0
0
0
0
0
0
0
0
0
0
0
0
0
0
0
0
0
0
0
0
0
0
0
0
0
0
0
0
0
0
0
0
0
0
0
0
0
0
0
0
0
0
0
0
0
0
0
0
0
0
0
0
0
0
0
0
0
0
0
0
0
0
0
0
0
0
0
0
0
0
0
0
0
0
0
0
0
0
0
0
0
0
0
0
0
0
0
0
0
0
0
0
0
0
0
0
0
0
0
0
0
0
0
0
0
0
0
0
0
0
0
0
0
0
0
0
0
0
0
0
0
0
0
0
0
0
0
0
0
0
0
0
0
0
0
0
0
0
0
0
0
0
0
0
0
0
0
0
0
0
0
0
0
0
0
0
0
0
0
0
0
0
0
0
0
0
0
0
0
0
0
0
0
0
0
0
0
0
0
0
0
0
0
0
0
0
0
0
0
0
0
0
0
0
0
0
0
0
0
0
0
0
0
0
0
0
0
0
0
0
0
0
0
0
0
0
0
0
0
0
0
0
0
0
0
0
0
0
0
0
0
0
0
0
0
0
0
0
0
0
0
0
0
0
0
0
0
0
0
0
0
0
0
0
0
0
0
0
0
0
0
0
0
0
0
0
0
0
0
0
0
0
0
0
0
0
0
0
0
0
0
0
0
0
0
0
0
0
0
0
0
0
0
0
0
0
0
0
0
0
0
0
0
0
0
0
0
0
0
0
0
0
0
0
0
0
0
0
0
0
0
0
0
0
0
0
0
0
0
0
0
0
0
0
0
0
0
0
0
0
0
0
0
0
0
0
0
0
0
0
0
0
0
0
0
0
0
0
0
0
0
0
0
0
0
0
0
0
0
0
0
0
0
0
0
0
0
0
0
0
0
0
0
0
0
0
0
0
0
0
0
0
0
0
0
0
0
0
0
0
0
0
0
0
0
0
0
0
0
0
0
0
0
0
0
0
0
0
0
0
0
0
0
0
0
0
0
0
0
0
0
0
0
0
0
0
0
0
0
0
0
0
0
0
0
0
0
0
0
0
0
0
0
0
0
0
0
0
0
0
0
0
0
0
0
0
0
0
0
0
0
0
0
0
0
0
0
0
0
0
0
0
0
0
0
0
0
0
0
0
0
0
0
0
0
0
0
0
0
0
0
0
0
0
0
0
0
0
0
0
0
0
0
0
0
0
0
0
0
0
0
0
0
0
0
0
0
0
0
0
0
0
0
0
0
0
0
0
0
0
0
0
0
0
0
0
0
0
0
0
0
0
0
0
0
0
0
0
0
0
0
0
0
0
0
0
0
0
0
0
0
0
0
0
0
0
0
0
0
0
0
0
0
0
0
0
0
0
0
0
0
0
0
0
0
0
0
0
0
0
0
0
0
0
0
0
0
0
0
0
0
0
0
0
0
0
0
0
0
0
0
0
0
0
0
0
0
0
0
