#################################### 
# Matrix Size= (10,400,10)
# Resol      = (1,200,1)
# VoxelSize  = (10,2,10)
# nbVal      = 200
#################################### 
0
0
0
0
0
0
0
0
0
0
0
0
0
0
0
0
0
0
0
0
0
0
0
0
0
0
0
0
0
0
0
0
0
0
0
0
0
0
0
0
0
0
0
0
0
0
0
0
0
5.41309e-07
3.57006e-06
3.68252e-06
3.74802e-06
3.66957e-06
3.72902e-06
3.80966e-06
3.68091e-06
3.24927e-06
2.73017e-06
2.52787e-06
2.37393e-06
2.37403e-06
2.41889e-06
2.54588e-06
2.74635e-06
3.00016e-06
3.32061e-06
3.72841e-06
4.22189e-06
4.83121e-06
5.55837e-06
6.49841e-06
7.56593e-06
9.01677e-06
1.08846e-05
1.34128e-05
1.75423e-05
2.43362e-05
3.73519e-05
6.7301e-05
0.00018431
0.000362062
0.000513837
0.000650088
0.000760727
0.000826575
0.000865438
0.000890849
0.000910406
0.000917088
0.000919543
0.000915556
0.000914405
0.000911046
0.000906031
0.000901084
0.000895218
0.000887749
0.000876194
0.000861883
0.00084226
0.000828175
0.000810158
0.000777818
0.000725386
0.000625468
0.000505824
0.000383182
0.000267925
0.000167772
0.00011135
8.17978e-05
6.21793e-05
4.85766e-05
3.90327e-05
3.18641e-05
2.64549e-05
2.18122e-05
1.85125e-05
1.6033e-05
1.38459e-05
1.10952e-05
9.47175e-06
8.75784e-06
8.20661e-06
7.72257e-06
7.24284e-06
6.93548e-06
6.59308e-06
6.20021e-06
5.91724e-06
5.56903e-06
5.39798e-06
5.06931e-06
4.85749e-06
4.61316e-06
4.37862e-06
4.18699e-06
4.0167e-06
3.77521e-06
3.60736e-06
3.50797e-06
3.3599e-06
3.1871e-06
2.7851e-06
2.13502e-06
1.47921e-06
1.51148e-06
1.42767e-06
1.58461e-06
2.60125e-07
0
0
0
0
0
0
0
0
0
0
0
0
0
0
0
0
0
0
0
0
0
0
0
0
0
0
0
0
0
0
0
0
0
0
0
0
0
0
0
0
0
0
0
0
0
0
0
0
0
