#################################### 
# Matrix Size= (10,400,10)
# Resol      = (1,200,1)
# VoxelSize  = (10,2,10)
# nbVal      = 200
#################################### 
0
0
0
0
0
0
0
0
0
0
0
0
0
0
0
0
0
0
0
0
0
0
0
0
0
0
0
0
0
0
0
0
0
0
0
0
0
0
0
0
0
0
0
0
0
0
0
0
0
0
0
0
0
0
0
0
0
0
1
0
1
0
0
0
0
0
0
0
0
0
2
1
2
5
2
7
8
22
43
75
1276
1532
3219
3866
4729
5324
7425
10163
10514
11264
11118
11152
11088
10487
11084
10304
10844
10526
9932
9475
5206
4881
4522
4601
4156
3600
3043
1642
1048
223
29
27
23
21
26
12
15
16
12
11
13
18
25
18
12
14
12
15
10
11
11
6
3
3
7
10
3
9
5
5
6
4
0
5
2
2
0
0
0
0
0
0
0
0
0
0
0
0
0
0
0
0
0
0
0
0
0
0
0
0
0
0
0
0
0
0
0
0
0
0
0
0
0
0
0
0
0
0
0
0
0
0
0
0
0
0
0
0
0
0
