#################################### 
# Matrix Size= (10,400,10)
# Resol      = (1,200,1)
# VoxelSize  = (10,2,10)
# nbVal      = 200
#################################### 
0
0
0
0
0
0
0
0
0
0
0
0
0
0
0
0
0
0
0
0
0
0
0
0
0
0
0
0
0
0
0
0
0
0
0
0
0
0
0
0
0
0
0
0
0
0
0
0
0
0
0
0
0
0
1
11
12
22
21
13
8
5
3
0
0
0
0
0
0
0
0
3
3
7
8
34
66
186
457
1126
2320
1889
2809
3425
3873
4310
6809
9535
10704
11120
11156
11034
10999
10842
10886
10820
10900
10723
9803
8217
5280
4029
4035
3334
3085
2870
2501
1978
1386
1100
729
541
415
291
195
170
128
105
73
54
59
33
26
15
13
14
12
16
10
6
14
7
5
3
6
5
8
8
7
2
8
3
1
3
5
3
0
0
0
0
0
0
0
0
0
0
0
0
0
0
0
0
0
0
0
0
0
0
0
0
0
0
0
0
0
0
0
0
0
0
0
0
0
0
0
0
0
0
0
0
0
0
0
0
0
0
0
0
0
0
