#################################### 
# Matrix Size= (10,400,10)
# Resol      = (1,200,1)
# VoxelSize  = (10,2,10)
# nbVal      = 200
#################################### 
0
0
0
0
0
0
0
0
0
0
0
0
0
0
0
0
0
0
0
0
0
0
0
0
0
0
0
0
0
0
0
0
0
0
0
0
0
0
0
0
0
0
0
0
0
0
0
0
0
3.06838e-05
0.000215479
0.000228259
0.000239408
0.000250807
0.000264799
0.000332956
0.000416203
0.000479944
0.000495775
0.000504473
0.00051213
0.000517863
0.000525349
0.000531638
0.000539719
0.00054698
0.000554409
0.000559992
0.000567037
0.000575199
0.000581071
0.000589646
0.000596801
0.000604068
0.000610921
0.000617528
0.000624903
0.000630759
0.000636294
0.000639343
0.000650567
0.000649042
0.000655299
0.000664325
0.000673989
0.000681679
0.000698056
0.000710335
0.000720347
0.000727734
0.000738736
0.000746294
0.000753654
0.000763345
0.000771834
0.000777919
0.000784161
0.000789244
0.000790635
0.000792482
0.000789256
0.000789509
0.000796268
0.000801549
0.000809931
0.00081719
0.000826701
0.000835088
0.000842928
0.000852808
0.000860184
0.000870904
0.000882241
0.000892404
0.000903594
0.000914334
0.000931038
0.00094436
0.000960741
0.000973929
0.000974649
0.00099989
0.0010148
0.00103046
0.00104227
0.00105886
0.00107385
0.00108622
0.00110235
0.00111389
0.00112961
0.00114377
0.00115891
0.00117331
0.00118713
0.00120273
0.00121077
0.00122253
0.00122453
0.00121615
0.00119265
0.00114246
0.00104911
0.000864893
0.000566107
0.000258507
9.19327e-05
7.16691e-05
6.17107e-05
5.31634e-05
7.06655e-06
0
0
0
0
0
0
0
0
0
0
0
0
0
0
0
0
0
0
0
0
0
0
0
0
0
0
0
0
0
0
0
0
0
0
0
0
0
0
0
0
0
0
0
0
0
0
0
0
0
