#################################### 
# Matrix Size= (10,400,10)
# Resol      = (1,200,1)
# VoxelSize  = (10,2,10)
# nbVal      = 200
#################################### 
0
0
0
0
0
0
0
0
0
0
0
0
0
0
0
0
0
0
0
0
0
0
0
0
0
0
0
0
0
0
0
0
0
0
0
0
0
0
0
0
0
0
0
0
0
0
0
0
0
0
1
1
1
1
49
1758
4593
7285
8121
8239
8574
8653
8717
8762
8829
9159
9173
9268
9307
9377
9388
9819
9739
9903
9896
9977
10225
10292
10325
10243
7540
3117
3265
3401
3288
3858
7868
9008
9429
9279
9239
9471
9434
9482
9586
9938
10130
10162
10706
10210
6247
3875
3984
3776
3741
3918
4258
4452
4409
4384
4434
4472
4759
4669
4341
4474
4926
4980
5008
4971
8598
14895
15008
15317
15395
15709
15672
16137
16339
16421
16583
16599
16977
17354
17044
17389
17638
17900
18061
17858
17564
16981
15786
12786
7690
2649
228
10
11
7
0
0
0
0
0
0
0
0
0
0
0
0
0
0
0
0
0
0
0
0
0
0
0
0
0
0
0
0
0
0
0
0
0
0
0
0
0
0
0
0
0
0
0
0
0
0
0
0
0
0
