#################################### 
# Matrix Size= (10,400,10)
# Resol      = (1,200,1)
# VoxelSize  = (10,2,10)
# nbVal      = 200
#################################### 
0
0
0
0
0
0
0
0
0
0
0
0
0
0
0
0
0
0
0
0
0
0
0
0
0
0
0
0
0
0
0
0
0
0
0
0
0
0
0
0
0
0
0
0
0
0
0
0
0
7
4
14
6
13
299
2296
5810
7412
8683
7405
9252
8613
8417
8932
8423
9457
8566
9702
9299
9239
9673
8984
10123
9393
10148
9973
9785
10597
9666
11107
7118
3320
3749
2990
3869
3574
8716
8985
9175
9449
8958
9862
8486
10388
9625
9743
9920
9544
10617
9049
7112
4369
3801
4463
3527
4815
4014
4975
4911
4400
5254
4086
5632
4485
4795
5064
4590
5721
4521
5897
9033
14830
15261
14883
15774
14247
17009
15959
16040
16668
15813
17314
15283
18641
17205
17056
18071
16860
18887
16980
19632
18801
18225
19056
13336
6643
662
197
197
66
0
0
0
0
0
0
0
0
0
0
0
0
0
0
0
0
0
0
0
0
0
0
0
0
0
0
0
0
0
0
0
0
0
0
0
0
0
0
0
0
0
0
0
0
0
0
0
0
0
0
