#################################### 
# Matrix Size= (10,400,10)
# Resol      = (1,200,1)
# VoxelSize  = (10,2,10)
# nbVal      = 200
#################################### 
0
0
0
0
0
0
0
0
0
0
0
0
0
0
0
0
0
0
0
0
0
0
0
0
0
0
0
0
0
0
0
0
0
0
0
0
0
0
0
0
0
0
0
0
0
0
0
0
0
3.43572e-07
2.33677e-06
2.1732e-06
2.05833e-06
2.08468e-06
2.19251e-06
3.09256e-06
4.11747e-06
5.06909e-06
5.44568e-06
5.80199e-06
6.07541e-06
6.38892e-06
6.8822e-06
7.18046e-06
7.70952e-06
8.15386e-06
8.68763e-06
9.17322e-06
9.79163e-06
1.05058e-05
1.12296e-05
1.19772e-05
1.29603e-05
1.40511e-05
1.55969e-05
1.77317e-05
2.16091e-05
2.85121e-05
4.31815e-05
7.59829e-05
0.000160373
0.000263304
0.000372818
0.000496959
0.00061668
0.000722501
0.00080295
0.000840555
0.000857827
0.000866336
0.000875576
0.000878414
0.00088562
0.000891343
0.000898138
0.000901368
0.000904691
0.000905971
0.000902647
0.000896767
0.000877621
0.000863586
0.000851485
0.000831301
0.000801977
0.000733962
0.000618428
0.000488301
0.000350209
0.000220702
0.000136148
9.53078e-05
6.9658e-05
5.20326e-05
3.93958e-05
3.0348e-05
2.30438e-05
1.76105e-05
1.37513e-05
1.05185e-05
8.10256e-06
5.85353e-06
4.76162e-06
4.16454e-06
3.69518e-06
3.35427e-06
2.99908e-06
2.70424e-06
2.45376e-06
2.23209e-06
2.04524e-06
1.86743e-06
1.71065e-06
1.59876e-06
1.43315e-06
1.362e-06
1.29679e-06
1.21794e-06
1.19061e-06
1.1896e-06
1.25819e-06
1.33242e-06
1.54702e-06
1.88051e-06
2.28405e-06
2.52153e-06
2.37698e-06
2.24477e-06
2.33882e-06
2.42811e-06
3.52028e-07
0
0
0
0
0
0
0
0
0
0
0
0
0
0
0
0
0
0
0
0
0
0
0
0
0
0
0
0
0
0
0
0
0
0
0
0
0
0
0
0
0
0
0
0
0
0
0
0
0
