#################################### 
# Matrix Size= (10,400,10)
# Resol      = (1,200,1)
# VoxelSize  = (10,2,10)
# nbVal      = 200
#################################### 
0
0
0
0
0
0
0
0
0
0
0
0
0
0
0
0
0
0
0
0
0
0
0
0
0
0
0
0
0
0
0
0
0
0
0
0
0
0
0
0
0
0
0
0
0
0
0
0
0
0
0
0
0
0
0
6
5
6
5
11
16
14
14
5
17
18
15
20
29
25
31
34
39
44
64
87
134
244
542
1189
1881
1214
1619
2191
2614
3805
8439
9923
10510
10707
10798
10694
10689
10754
10876
10851
10976
11200
11289
11164
6782
4094
3888
3741
3559
3340
2957
2515
1933
1349
956
657
490
370
257
171
136
110
63
33
32
19
5
0
0
1
0
0
0
0
0
0
0
0
0
0
1
0
2
3
3
9
11
17
13
6
1
0
0
0
0
0
0
0
0
0
0
0
0
0
0
0
0
0
0
0
0
0
0
0
0
0
0
0
0
0
0
0
0
0
0
0
0
0
0
0
0
0
0
0
0
0
0
0
0
0
0
0
0
0
