#################################### 
# Matrix Size= (10,400,10)
# Resol      = (1,200,1)
# VoxelSize  = (10,2,10)
# nbVal      = 200
#################################### 
0
0
0
0
0
0
0
0
0
0
0
0
0
0
0
0
0
0
0
0
0
0
0
0
0
0
0
0
0
0
0
0
0
0
0
0
0
0
0
0
0
0
0
0
0
0
0
0
0
3.1654e-06
2.17457e-05
2.23122e-05
2.31088e-05
2.40427e-05
2.80638e-05
8.72565e-05
0.000220583
0.000376629
0.000479392
0.000534853
0.00056352
0.000576544
0.000583037
0.000582308
0.000580346
0.000574963
0.000569662
0.000561888
0.000555667
0.000548834
0.000540606
0.000534628
0.000527747
0.000520229
0.000513767
0.000506729
0.000501558
0.000492653
0.000486815
0.000479679
0.000469128
0.000462616
0.000459704
0.000452907
0.000446153
0.000440783
0.000440036
0.000435362
0.000432622
0.000429451
0.000425386
0.000419976
0.000416233
0.000411116
0.000405427
0.000400502
0.000394695
0.00039035
0.00038481
0.00038098
0.000369727
0.000366315
0.000359922
0.000354555
0.000349107
0.00034428
0.000341383
0.000338454
0.000335013
0.000331638
0.000328391
0.000325805
0.000323176
0.000320142
0.000317599
0.000315012
0.000313863
0.000310616
0.000309215
0.0003076
0.000308253
0.000304947
0.000302853
0.000301283
0.000297943
0.000295521
0.000292822
0.000288922
0.000286074
0.000282247
0.000279194
0.000275099
0.000272222
0.000268961
0.000265886
0.000262495
0.000258469
0.000255886
0.000252785
0.000249459
0.000246104
0.000242812
0.000239409
0.000233313
0.00021209
0.000170677
0.000136041
0.000126152
0.000121293
0.00011587
1.62709e-05
0
0
0
0
0
0
0
0
0
0
0
0
0
0
0
0
0
0
0
0
0
0
0
0
0
0
0
0
0
0
0
0
0
0
0
0
0
0
0
0
0
0
0
0
0
0
0
0
0
