#################################### 
# Matrix Size= (10,400,10)
# Resol      = (1,200,1)
# VoxelSize  = (10,2,10)
# nbVal      = 200
#################################### 
0
0
0
0
0
0
0
0
0
0
0
0
0
0
0
0
0
0
0
0
0
0
0
0
0
0
0
0
0
0
0
0
0
0
0
0
0
0
0
0
0
0
0
0
0
0
0
0
0
0
0
1
0
0
11
786
2898
5537
7051
8038
8508
8630
8588
8536
8440
8440
8259
8160
7964
8067
7794
7911
7829
7650
7631
7544
7409
7211
7409
7010
5165
2116
2174
2200
2095
2522
4829
5671
5634
5403
5245
5158
5103
5062
4836
4871
4932
4784
4761
4857
2902
1803
1753
1707
1808
1760
1780
1776
1781
1862
1767
1796
1813
1812
1651
1639
1791
1755
1818
1774
2910
5044
5009
4979
4936
4769
4802
4705
4592
4489
4486
4471
4500
4458
4374
4356
4238
4255
4273
4213
3976
3969
4035
3778
2727
1142
135
13
7
10
0
0
0
0
0
0
0
0
0
0
0
0
0
0
0
0
0
0
0
0
0
0
0
0
0
0
0
0
0
0
0
0
0
0
0
0
0
0
0
0
0
0
0
0
0
0
0
0
0
0
