#################################### 
# Matrix Size= (10,400,10)
# Resol      = (1,200,1)
# VoxelSize  = (10,2,10)
# nbVal      = 200
#################################### 
0
0
0
0
0
0
0
0
0
0
0
0
0
0
0
0
0
0
0
0
0
0
0
0
0
0
0
0
0
0
0
0
0
0
0
0
0
0
0
0
0
0
0
0
0
0
0
0
0
0
10
8
8
9
83
2122
5648
8358
9119
9417
8206
9165
8196
8645
8282
8505
8904
7387
8296
7653
8057
7642
7653
8252
7194
7653
7183
7444
7115
7053
5750
1764
2467
2023
2317
2674
4566
5907
5082
5351
5081
5030
5377
4833
5214
4533
4947
4764
4849
5324
2616
2170
1622
2039
1717
1773
2160
1517
2034
1727
1972
1849
1887
2115
1471
1972
1644
1888
1776
1840
3091
4710
5124
4712
4789
4878
4586
4963
4236
4556
4444
4521
4705
4087
4602
4128
4259
4110
4262
4576
3613
4157
3869
3884
2925
1552
273
12
37
28
3
0
0
0
0
0
0
0
0
0
0
0
0
0
0
0
0
0
0
0
0
0
0
0
0
0
0
0
0
0
0
0
0
0
0
0
0
0
0
0
0
0
0
0
0
0
0
0
0
0
