#################################### 
# Matrix Size= (3000,10,10)
# Resol      = (1500,1,1)
# VoxelSize  = (2,10,10)
# nbVal      = 1500
#################################### 
0
0
0
0
0
0
0
0
0
0
0
0
0
0
0
0
0
0
0
0
0
0
0
0
0
0
0
0
0
0
0
0
0
0
0
0
0
0
0
0
0
0
0
0
0
0
0
0
0
0
0
0
0
0
0
0
0
0
0
0
0
0
0
0
0
0
0
0
0
0
0
0
0
0
0
0
0
0
0
0
0
0
0
0
0
0
0
0
0
0
0
0
0
0
0
0
0
0
0
0
0
0
0
0
0
0
0
0
0
0
0
0
0
0
0
0
0
0
0
0
0
0
0
0
0
0
0
0
0
0
0
0
0
0
0
0
0
0
0
0
0
0
0
0
0
0
0
0
0
0
0
0
0
0
0
0
0
0
0
0
0
0
0
0
0
0
0
0
0
0
0
0
0
0
0
0
0
0
0
0
0
0
0
0
0
0
0
0
0
0
0
0
0
0
0
0
0
0
0
0
0
0
0
0
0
0
0
0
0
0
0
0
0
0
0
0
0
0
0
0
0
0
0
0
0
0
0
0
0
0
0
0
0
0
0
0
0
0
0
0
0
0
0
0
0
0
0
0
0
0
0
0
0
0
0
0
0
0
0
0
0
0
0
0
0
0
0
0
0
0
0
0
0
0
0
0
0
0
0
0
0
0
0
0
0
0
0
0
0
0
0
0
0
0
0
0
0
0
0
0
0
0
0
0
0
0
0
0
0
0
0
0
0
0
0
0
0
0
0
0
0
0
0
0
0
0
0
0
0
0
0
0
0
0
0
0
0
0
0
0
0
0
0
0
0
0
0
0
0
0
0
0
0
0
0
0
0
0
0
0
0
0
0
0
0
0
0
0
0
0
0
0
0
0
0
0
0
0
0
0
0
0
0
0
0
0
0
0
0
0
0
0
0
0
0
0
0
0
0
0
0
0
0
0
0
0
0
0
0
0
0
0
0
0
0
0
0
0
0
0
0
0
0
0
0
0
0
0
0
0
0
0
0
0
0
0
0
0
0
0
0
0
0
0
0
0
0
0
0
0
0
0
0
0
0
0
0
0
0
0
0
0
0
0
0
0
0
0
0
0
0
0
0
0
0
0
0
0
0
0
0
0
0
0
0
0
0
0
0
0
0
0
0
0
0
0
0
0
0
0
0
0
0
0
0
0
0
0
0
0
0
0
0
0
0
0
0
0
0
0
0
0
0
0
0
0
0
0
0
0
0
0
0
0
0
0
0
0
0
0
0
0
0
0
0
0
0
0
0
0
0
0
0
0
0
0
0
0
0
0
0
0
0
0
0
0
0
0
0
0
0
0
0
0
0
0
0
0
0
0
0
0
0
0
0
0
0
0
0
0
0
0
0
0
0
0
0
0
0
0
0
0
0
0
0
0
0
0
0
0
0
0
0
0
0
0
0
0
0
0
0
0
0
0
0
0
0
0
0
0
0
0
0
0
0
0
0
0
0
0
0
0
0
0
0
0
0
0
0
0
0
0
0
0
0
0
0
0
0
0
3.88217e-06
4.42214e-06
4.31741e-06
4.80453e-06
4.67681e-06
5.02724e-06
5.01243e-06
5.05335e-06
5.0424e-06
5.06466e-06
5.12033e-06
5.187e-06
5.31817e-06
5.31857e-06
5.2663e-06
5.31126e-06
5.42023e-06
5.43527e-06
5.42896e-06
5.48678e-06
5.49178e-06
5.50196e-06
5.63253e-06
5.67878e-06
5.91026e-06
6.45142e-06
8.06401e-06
1.03336e-05
1.10625e-05
1.17564e-05
1.1932e-05
1.17846e-05
1.13253e-05
1.15405e-05
1.16253e-05
1.13906e-05
1.14354e-05
1.0956e-05
1.0616e-05
1.04488e-05
1.0272e-05
1.0035e-05
9.6066e-06
9.12829e-06
8.86932e-06
8.82206e-06
8.74441e-06
8.36417e-06
8.17044e-06
8.08364e-06
8.05153e-06
7.93183e-06
7.77156e-06
7.70395e-06
7.58391e-06
7.59669e-06
7.40163e-06
7.27634e-06
7.08976e-06
7.03393e-06
6.99093e-06
6.88835e-06
6.97247e-06
7.17459e-06
7.09073e-06
6.9109e-06
6.95164e-06
6.90503e-06
6.90928e-06
6.82533e-06
6.58304e-06
6.65827e-06
6.7289e-06
7.10834e-06
7.212e-06
7.25327e-06
7.2902e-06
7.25442e-06
7.26173e-06
7.27652e-06
7.38549e-06
7.4784e-06
7.2772e-06
7.33935e-06
7.27024e-06
7.23044e-06
7.13362e-06
7.10811e-06
7.09361e-06
7.11042e-06
7.02695e-06
6.95265e-06
6.92504e-06
6.8243e-06
6.86965e-06
6.84942e-06
6.88212e-06
6.88084e-06
6.8719e-06
6.94847e-06
6.97046e-06
6.99309e-06
7.09106e-06
7.05718e-06
7.19465e-06
7.5387e-06
7.71261e-06
7.95181e-06
8.04364e-06
8.12472e-06
8.09292e-06
7.95832e-06
7.78183e-06
7.74537e-06
7.81737e-06
7.72053e-06
7.57085e-06
7.57805e-06
7.95283e-06
8.02073e-06
8.05018e-06
7.94636e-06
7.62924e-06
7.17628e-06
6.77532e-06
6.5336e-06
6.76018e-06
7.01626e-06
7.15163e-06
6.94293e-06
7.19477e-06
7.29919e-06
7.46661e-06
7.52284e-06
7.62855e-06
7.26099e-06
6.96779e-06
6.31655e-06
6.23421e-06
5.72345e-06
5.5315e-06
5.39161e-06
5.26628e-06
5.22057e-06
5.02815e-06
4.72948e-06
4.4911e-06
4.3321e-06
4.09145e-06
4.05373e-06
3.95266e-06
3.84072e-06
3.60223e-06
3.39062e-06
3.30358e-06
3.23293e-06
3.07111e-06
2.96214e-06
2.86041e-06
2.76543e-06
2.62975e-06
2.52171e-06
2.4066e-06
2.32242e-06
2.2017e-06
2.11892e-06
2.05959e-06
2.06477e-06
2.05566e-06
2.13951e-06
2.25609e-06
2.49052e-06
2.87314e-06
3.50195e-06
3.88696e-06
4.20906e-06
4.04607e-06
3.48081e-06
4.32411e-06
4.64959e-06
0
0
0
0
0
0
0
0
0
0
0
0
0
0
0
0
0
0
0
0
0
0
0
0
0
0
0
0
0
0
0
0
0
0
0
0
0
0
0
0
0
0
0
0
0
0
0
0
0
0
0
0
0
0
0
0
0
0
0
0
0
0
0
0
0
0
0
0
0
0
0
0
0
0
0
0
0
0
0
0
0
0
0
0
0
0
0
0
0
0
0
0
0
0
0
0
0
0
0
0
0
0
0
0
0
0
0
0
0
0
0
0
0
0
0
0
0
0
0
0
0
0
0
0
0
0
0
0
0
0
0
0
0
0
0
0
0
0
0
0
0
0
0
0
0
0
0
0
0
0
0
0
0
0
0
0
0
0
0
0
0
0
0
0
0
0
0
0
0
0
0
0
0
0
0
0
0
0
0
0
0
0
0
0
0
0
0
0
0
0
0
0
0
0
0
0
0
0
0
0
0
0
0
0
0
0
0
0
0
0
0
0
0
0
0
0
0
0
0
0
0
0
0
0
0
0
0
0
0
0
0
0
0
0
0
0
0
0
0
0
0
0
0
0
0
0
0
0
0
0
0
0
0
0
0
0
0
0
0
0
0
0
0
0
0
0
0
0
0
0
0
0
0
0
0
0
0
0
0
0
0
0
0
0
0
0
0
0
0
0
0
0
0
0
0
0
0
0
0
0
0
0
0
0
0
0
0
0
0
0
0
0
0
0
0
0
0
0
0
0
0
0
0
0
0
0
0
0
0
0
0
0
0
0
0
0
0
0
0
0
0
0
0
0
0
0
0
0
0
0
0
0
0
0
0
0
0
0
0
0
0
0
0
0
0
0
0
0
0
0
0
0
0
0
0
0
0
0
0
0
0
0
0
0
0
0
0
0
0
0
0
0
0
0
0
0
0
0
0
0
0
0
0
0
0
0
0
0
0
0
0
0
0
0
0
0
0
0
0
0
0
0
0
0
0
0
0
0
0
0
0
0
0
0
0
0
0
0
0
0
0
0
0
0
0
0
0
0
0
0
0
0
0
0
0
0
0
0
0
0
0
0
0
0
0
0
0
0
0
0
0
0
0
0
0
0
0
0
0
0
0
0
0
0
0
0
0
0
0
0
0
0
0
0
0
0
0
0
0
0
0
0
0
0
0
0
0
0
0
0
0
0
0
0
0
0
0
0
0
0
0
0
0
0
0
0
0
0
0
0
0
0
0
0
0
0
0
0
0
0
0
0
0
0
0
0
0
0
0
0
0
0
0
0
0
0
0
0
0
0
0
0
0
0
0
0
0
0
0
0
0
0
0
0
0
0
0
0
0
0
0
0
0
0
0
0
0
0
0
0
0
0
0
0
0
0
0
0
0
0
0
0
0
0
0
0
0
0
0
0
0
0
0
0
0
0
0
0
0
0
0
0
0
0
0
0
0
0
0
0
0
0
0
0
0
0
0
0
0
0
0
0
0
0
0
0
0
0
0
0
0
0
0
0
0
0
0
0
0
0
