#################################### 
# Matrix Size= (10,400,10)
# Resol      = (1,200,1)
# VoxelSize  = (10,2,10)
# nbVal      = 200
#################################### 
0
0
0
0
0
0
0
0
0
0
0
0
0
0
0
0
0
0
0
0
0
0
0
0
0
0
0
0
0
29.8623
39.2053
38.9818
32.3355
38.906
30.6952
40.2911
97.7283
211.638
288.785
299.646
296.854
322.025
330.086
342.783
362.16
385.586
415.31
454.317
478.203
508.181
537.543
546.492
577.126
586.925
591.196
503.544
381.725
297.629
234.194
211.513
230.716
233.523
234.482
260.333
294.516
292.82
405.98
497.279
488.376
614.446
747.352
763.265
690.25
654.751
685.999
557.239
380.122
235.587
129.282
92.3368
88.9968
114.805
109.835
108.291
103.803
99.1361
118.793
114.966
93.6355
59.5801
27.6603
17.5048
10.6125
2.64346
2.78773
2.90875
2.97027
2.96961
3.06085
3.44216
3.30644
3.3899
3.52381
3.45222
10.2919
364.99
767.698
717.701
1030.24
1268.98
1327.81
1703.08
1914.36
2152.57
2161.98
2290.95
6494.07
13101.2
14020.1
12357.2
13048.2
15775.4
20545.5
24417.4
34231
59552.2
122855
164018
184849
216415
200663
192687
207595
203899
191255
194404
171315
166230
189867
217900
320247
476279
618272
760967
757169
281758
92909.8
50926.5
34110.8
26340.7
22220.2
19666
17582.7
15561.5
13159.2
11609
9924.43
8917.14
7904.48
6836.68
5968.41
5377.01
4997.27
4717.24
4652.6
4250.41
3645.24
2896.82
1770.15
861.231
1286.48
0
0
0
0
0
0
0
0
0
0
0
0
0
0
0
0
0
0
0
0
0
0
0
0
0
0
0
0
0
