#################################### 
# Matrix Size= (10,400,10)
# Resol      = (1,200,1)
# VoxelSize  = (10,2,10)
# nbVal      = 200
#################################### 
0
0
0
0
0
0
0
0
0
0
0
0
0
0
0
0
0
0
0
0
0
0
0
0
0
0
0
0
0
1.9966e-07
2.50213e-07
2.37459e-07
2.32909e-07
2.27656e-07
2.10823e-07
2.33511e-07
2.26473e-07
2.3654e-07
2.54655e-07
2.56723e-07
2.5712e-07
2.79844e-07
2.8768e-07
2.96895e-07
3.11109e-07
3.23876e-07
3.36282e-07
3.60961e-07
3.75082e-07
3.904e-07
4.08788e-07
4.18926e-07
4.43804e-07
4.52396e-07
4.81346e-07
4.96801e-07
4.59441e-07
4.82979e-07
4.76574e-07
4.6566e-07
5.02991e-07
5.45776e-07
5.61144e-07
5.88608e-07
6.1867e-07
6.17661e-07
6.65052e-07
7.11706e-07
6.84959e-07
7.37076e-07
7.79446e-07
8.09101e-07
8.37387e-07
8.86102e-07
9.41437e-07
9.28439e-07
8.57653e-07
9.38336e-07
9.64117e-07
9.24283e-07
9.5032e-07
1.11658e-06
1.1566e-06
1.16057e-06
1.24569e-06
1.28589e-06
1.40505e-06
1.45046e-06
1.49322e-06
1.49411e-06
1.57922e-06
1.66328e-06
1.4992e-06
1.75012e-06
1.84572e-06
1.92577e-06
1.96646e-06
1.96606e-06
2.02642e-06
2.27892e-06
2.18909e-06
2.2443e-06
2.33291e-06
2.28561e-06
2.39728e-06
3.12377e-06
4.18866e-06
4.70454e-06
5.36138e-06
6.01043e-06
6.55706e-06
7.67115e-06
8.6159e-06
9.97248e-06
1.11945e-05
1.2111e-05
1.49131e-05
2.034e-05
2.84124e-05
3.81402e-05
5.08235e-05
6.70627e-05
9.0824e-05
0.000120177
0.0001695
0.000272047
0.00044917
0.000526899
0.000578901
0.000610758
0.00063155
0.000645959
0.000659321
0.000669567
0.000675408
0.000680824
0.000684685
0.000686842
0.000688592
0.000687038
0.000687682
0.000688476
0.000679365
0.000663912
0.000594183
0.000218933
7.26164e-05
4.0301e-05
2.67699e-05
2.03942e-05
1.67741e-05
1.43239e-05
1.233e-05
1.09781e-05
9.56704e-06
8.51529e-06
7.5704e-06
6.83664e-06
6.08628e-06
5.49805e-06
5.03734e-06
4.57294e-06
4.23107e-06
3.89468e-06
3.68585e-06
3.70895e-06
3.84094e-06
3.73799e-06
3.67891e-06
3.75864e-06
2.97978e-06
0
0
0
0
0
0
0
0
0
0
0
0
0
0
0
0
0
0
0
0
0
0
0
0
0
0
0
0
0
