#################################### 
# Matrix Size= (10,400,10)
# Resol      = (1,200,1)
# VoxelSize  = (10,2,10)
# nbVal      = 200
#################################### 
0
0
0
0
0
0
0
0
0
0
0
0
0
0
0
0
0
0
0
0
0
0
0
0
0
0
0
0
0
0
0
0
0
0
0
0
0
0
0
0
0
0
0
0
0
0
0
0
0
3.07451e-06
2.13189e-05
2.26211e-05
2.35752e-05
2.4473e-05
2.80211e-05
8.66569e-05
0.000220407
0.000376445
0.000479127
0.000533817
0.000562781
0.000577309
0.000583356
0.00058186
0.000580008
0.000573851
0.000568313
0.000562506
0.000554798
0.000549218
0.000541195
0.000535161
0.000527237
0.000520053
0.00051357
0.000506174
0.000500308
0.000492911
0.000487511
0.000479388
0.000468824
0.000462363
0.000459899
0.000453161
0.00044599
0.000439272
0.000433968
0.00042814
0.000424299
0.000419233
0.000415091
0.000410591
0.000407411
0.000403054
0.000398902
0.000395168
0.000390325
0.000386847
0.000380625
0.000376692
0.000374176
0.000369842
0.000366514
0.000362921
0.000359942
0.000356703
0.000354193
0.00035129
0.000348337
0.000345465
0.000342403
0.000340809
0.000338648
0.000335264
0.00033246
0.000329723
0.000328118
0.000325454
0.000324428
0.000322014
0.000322835
0.000320368
0.000318004
0.000316479
0.000313639
0.000311051
0.000307313
0.000304526
0.000301468
0.000297013
0.000294786
0.000290682
0.000287122
0.000283441
0.000279045
0.000275779
0.00027234
0.00026896
0.000265144
0.000262138
0.000258457
0.000255287
0.000251688
0.000245351
0.000222194
0.00017769
0.00014151
0.000129244
0.000125649
0.000117409
1.67989e-05
0
0
0
0
0
0
0
0
0
0
0
0
0
0
0
0
0
0
0
0
0
0
0
0
0
0
0
0
0
0
0
0
0
0
0
0
0
0
0
0
0
0
0
0
0
0
0
0
0
