#################################### 
# Matrix Size= (10,400,10)
# Resol      = (1,200,1)
# VoxelSize  = (10,2,10)
# nbVal      = 200
#################################### 
0
0
0
0
0
0
0
0
0
0
0
0
0
0
0
0
0
0
0
0
0
0
0
0
0
0
0
0
0
0
0
0
0
0
0
0
0
0
0
0
0
0
0
0
0
0
0
0
0
0
6
19
6
7
77
2091
5722
8511
8891
9305
8269
9097
8228
8493
8364
8328
9226
7370
8433
7705
8085
7791
7624
8199
7033
7557
7204
7513
7208
7189
5795
1671
2455
2128
2408
2406
2187
2820
2604
3579
3453
3753
3888
3557
4011
3230
3472
2879
2584
2331
1599
2135
1561
2008
1759
1890
2260
1679
2219
1753
2095
1897
1915
2189
1553
1997
1698
2039
1867
1760
3045
4940
5269
4801
4984
5221
4783
5042
4556
4833
4677
4584
4890
4225
4590
4140
4440
4270
4291
4565
3824
4265
3952
4063
3255
1619
327
2
33
7
2
0
0
0
0
0
0
0
0
0
0
0
0
0
0
0
0
0
0
0
0
0
0
0
0
0
0
0
0
0
0
0
0
0
0
0
0
0
0
0
0
0
0
0
0
0
0
0
0
0
