#################################### 
# Matrix Size= (10,400,10)
# Resol      = (1,200,1)
# VoxelSize  = (10,2,10)
# nbVal      = 200
#################################### 
0
0
0
0
0
0
0
0
0
0
0
0
0
0
0
0
0
0
0
0
0
0
0
0
0
0
0
0
0
0
0
0
0
0
0
0
0
0
0
0
0
0
0
0
0
0
0
0
0
0
1
2
0
0
13
863
2927
5579
7043
7960
8407
8248
8641
8425
8614
8203
8246
8132
8179
8142
8107
7820
7775
7685
7552
7498
7481
7343
7206
7114
5114
2025
2179
2234
2309
2254
2162
2356
2892
3258
3618
3486
3751
3691
3541
3396
3126
2916
2223
1854
1829
1836
1785
1766
1815
1702
1877
1856
1802
1833
1873
1824
1844
1729
1749
1723
1822
1889
1850
1790
2955
5108
5201
4998
5051
5086
4902
4814
4861
4733
4700
4771
4548
4471
4492
4432
4404
4173
4288
4253
4294
4140
4171
3827
2799
1150
156
2
8
2
0
0
0
0
0
0
0
0
0
0
0
0
0
0
0
0
0
0
0
0
0
0
0
0
0
0
0
0
0
0
0
0
0
0
0
0
0
0
0
0
0
0
0
0
0
0
0
0
0
0
