#################################### 
# Matrix Size= (10,400,10)
# Resol      = (1,200,1)
# VoxelSize  = (10,2,10)
# nbVal      = 200
#################################### 
0
0
0
0
0
0
0
0
0
0
0
0
0
0
0
0
0
0
0
0
0
0
0
0
0
0
0
0
0
0
0
0
0
0
0
0
0
0
0
0
0
0
0
0
0
0
0
0
0
1.0568e-05
7.13653e-05
6.84656e-05
6.50126e-05
5.91323e-05
5.08003e-05
4.87947e-05
5.04395e-05
5.48692e-05
5.51121e-05
5.49838e-05
5.43312e-05
5.37704e-05
5.3396e-05
5.2692e-05
5.24134e-05
5.16132e-05
5.11584e-05
5.08306e-05
5.00904e-05
4.95011e-05
4.91897e-05
4.89471e-05
4.83246e-05
4.79696e-05
4.72838e-05
4.72956e-05
4.75561e-05
4.85828e-05
5.18315e-05
5.99856e-05
7.87795e-05
8.82602e-05
8.57095e-05
8.16883e-05
7.47701e-05
6.31443e-05
5.1485e-05
4.75002e-05
4.67723e-05
4.64215e-05
4.61804e-05
4.56451e-05
4.53855e-05
4.50784e-05
4.52019e-05
4.59868e-05
4.72126e-05
5.00356e-05
5.63768e-05
6.95363e-05
8.70248e-05
9.46156e-05
9.53858e-05
9.61802e-05
9.50885e-05
9.39152e-05
9.29273e-05
9.28571e-05
9.28422e-05
9.2815e-05
9.23366e-05
9.24182e-05
9.14794e-05
9.11635e-05
9.08581e-05
8.83855e-05
8.43086e-05
7.8878e-05
7.2978e-05
6.3363e-05
4.80717e-05
3.9011e-05
3.74805e-05
3.65886e-05
3.62224e-05
3.56006e-05
3.46138e-05
3.37467e-05
3.30324e-05
3.18863e-05
3.0908e-05
2.98944e-05
2.87302e-05
2.75517e-05
2.63742e-05
2.53211e-05
2.38721e-05
2.24273e-05
2.0799e-05
1.90364e-05
1.70217e-05
1.49902e-05
1.34051e-05
1.27699e-05
1.36901e-05
1.52337e-05
1.63964e-05
1.65993e-05
1.69788e-05
1.66722e-05
2.52295e-06
0
0
0
0
0
0
0
0
0
0
0
0
0
0
0
0
0
0
0
0
0
0
0
0
0
0
0
0
0
0
0
0
0
0
0
0
0
0
0
0
0
0
0
0
0
0
0
0
0
