#################################### 
# Matrix Size= (3000,10,10)
# Resol      = (1500,1,1)
# VoxelSize  = (2,10,10)
# nbVal      = 1500
#################################### 
0
0
0
0
0
0
0
0
0
0
0
0
0
0
0
0
0
0
0
0
0
0
0
0
0
0
0
0
0
0
0
0
0
0
0
0
0
0
0
0
0
0
0
0
0
0
0
0
0
0
0
0
0
0
0
0
0
0
0
0
0
0
0
0
0
0
0
0
0
0
0
0
0
0
0
0
0
0
0
0
0
0
0
0
0
0
0
0
0
0
0
0
0
0
0
0
0
0
0
0
0
0
0
0
0
0
0
0
0
0
0
0
0
0
0
0
0
0
0
0
0
0
0
0
0
0
0
0
0
0
0
0
0
0
0
0
0
0
0
0
0
0
0
0
0
0
0
0
0
0
0
0
0
0
0
0
0
0
0
0
0
0
0
0
0
0
0
0
0
0
0
0
0
0
0
0
0
0
0
0
0
0
0
0
0
0
0
0
0
0
0
0
0
0
0
0
0
0
0
0
0
0
0
0
0
0
0
0
0
0
0
0
0
0
0
0
0
0
0
0
0
0
0
0
0
0
0
0
0
0
0
0
0
0
0
0
0
0
0
0
0
0
0
0
0
0
0
0
0
0
0
0
0
0
0
0
0
0
0
0
0
0
0
0
0
0
0
0
0
0
0
0
0
0
0
0
0
0
0
0
0
0
0
0
0
0
0
0
0
0
0
0
0
0
0
0
0
0
0
0
0
0
0
0
0
0
0
0
0
0
0
0
0
0
0
0
0
0
0
0
0
0
0
0
0
0
0
0
0
0
0
0
0
0
0
0
0
0
0
0
0
0
0
0
0
0
0
0
0
0
0
0
0
0
0
0
0
0
0
0
0
0
0
0
0
0
0
0
0
0
0
0
0
0
0
0
0
0
0
0
0
0
0
0
0
0
0
0
0
0
0
0
0
0
0
0
0
0
0
0
0
0
0
0
0
0
0
0
0
0
0
0
0
0
0
0
0
0
0
0
0
0
0
0
0
0
0
0
0
0
0
0
0
0
0
0
0
0
0
0
0
0
0
0
0
0
0
0
0
0
0
0
0
0
0
0
0
0
0
0
0
0
0
0
0
0
0
0
0
0
0
0
0
0
0
0
0
0
0
0
0
0
0
0
0
0
0
0
0
0
0
0
0
0
0
0
0
0
0
0
0
0
0
0
0
0
0
0
0
0
0
0
0
0
0
0
0
0
0
0
0
0
0
0
0
0
0
0
0
0
0
0
0
0
0
0
0
0
0
0
0
0
0
0
0
0
0
0
0
0
0
0
0
0
0
0
0
0
0
0
0
0
0
0
0
0
0
0
0
0
0
0
0
0
0
0
0
0
0
0
0
0
0
0
0
0
0
0
0
0
0
0
0
0
0
0
0
0
0
0
0
0
0
0
0
0
0
0
0
0
0
0
0
0
0
0
0
0
0
0
0
0
0
0
0
0
0
0
0
0
0
0
0
0
0
0
0
0
0
0
0
0
0
0
0
0
0
0
0
0
0
0
0
0
0
0
0
0
0
0
0
0
0
0
0
0
0
0
0
0
0
0
0
0
2.16732e-08
8.71833e-08
5.78745e-08
5.66467e-08
6.00292e-08
6.1995e-08
6.34611e-08
6.36338e-08
7.25455e-08
7.36096e-08
7.34811e-08
7.63683e-08
8.75406e-08
8.71499e-08
8.72024e-08
9.4177e-08
9.14269e-08
1.00863e-07
1.01806e-07
1.06191e-07
1.11209e-07
1.11134e-07
1.21035e-07
1.21865e-07
1.2694e-07
1.35757e-07
1.36932e-07
1.38991e-07
1.44909e-07
1.527e-07
1.56217e-07
1.63081e-07
1.66342e-07
1.75122e-07
1.78239e-07
1.91169e-07
1.95937e-07
2.02601e-07
2.0786e-07
2.16739e-07
2.23926e-07
2.30406e-07
2.54918e-07
2.5286e-07
2.61018e-07
2.69668e-07
2.86212e-07
3.02396e-07
3.03127e-07
3.1801e-07
3.30236e-07
3.43978e-07
3.56835e-07
3.65116e-07
3.84515e-07
4.11184e-07
4.24564e-07
4.34305e-07
4.55204e-07
4.77941e-07
4.97439e-07
5.28503e-07
5.42928e-07
5.85032e-07
5.9036e-07
5.99737e-07
6.5021e-07
6.80306e-07
7.063e-07
7.51599e-07
7.74453e-07
8.27604e-07
8.64617e-07
9.05791e-07
9.36482e-07
1.00588e-06
1.03987e-06
1.10937e-06
1.16748e-06
1.22791e-06
1.26294e-06
1.36756e-06
1.44857e-06
1.51763e-06
1.60188e-06
1.72287e-06
1.8133e-06
1.8962e-06
2.05837e-06
2.22064e-06
2.37752e-06
2.55472e-06
2.68208e-06
2.85691e-06
3.1001e-06
3.30267e-06
3.53402e-06
3.8215e-06
4.14508e-06
4.55285e-06
4.86873e-06
5.30705e-06
5.82299e-06
6.38742e-06
7.37596e-06
8.49845e-06
9.84767e-06
1.15199e-05
1.34225e-05
1.62225e-05
1.94968e-05
2.4422e-05
3.08598e-05
3.88758e-05
4.96398e-05
6.04298e-05
7.04689e-05
7.83124e-05
8.35664e-05
8.71345e-05
8.90368e-05
9.08983e-05
9.3287e-05
9.62947e-05
9.26707e-05
8.96446e-05
8.75344e-05
8.44882e-05
8.02811e-05
7.45436e-05
6.57418e-05
5.54492e-05
4.39026e-05
3.39746e-05
2.6397e-05
2.12154e-05
1.70376e-05
1.39158e-05
1.18269e-05
9.89263e-06
8.58326e-06
7.43133e-06
6.37875e-06
5.73815e-06
5.23818e-06
4.81308e-06
4.39564e-06
4.00093e-06
3.70247e-06
3.52372e-06
2.70298e-06
5.79726e-07
0
0
0
0
0
0
0
0
0
0
0
0
0
0
0
0
0
0
0
0
0
0
0
0
0
0
0
0
0
0
0
0
0
0
0
0
0
0
0
0
0
0
0
0
0
0
0
0
0
0
0
0
0
0
0
0
0
0
0
0
0
0
0
0
0
0
0
0
0
0
0
0
0
0
0
0
0
0
0
0
0
0
0
0
0
0
0
0
0
0
0
0
0
0
0
0
0
0
0
0
0
0
0
0
0
0
0
0
0
0
0
0
0
0
0
0
0
0
0
0
0
0
0
0
0
0
0
0
0
0
0
0
0
0
0
0
0
0
0
0
0
0
0
0
0
0
0
0
0
0
0
0
0
0
0
0
0
0
0
0
0
0
0
0
0
0
0
0
0
0
0
0
0
0
0
0
0
0
0
0
0
0
0
0
0
0
0
0
0
0
0
0
0
0
0
0
0
0
0
0
0
0
0
0
0
0
0
0
0
0
0
0
0
0
0
0
0
0
0
0
0
0
0
0
0
0
0
0
0
0
0
0
0
0
0
0
0
0
0
0
0
0
0
0
0
0
0
0
0
0
0
0
0
0
0
0
0
0
0
0
0
0
0
0
0
0
0
0
0
0
0
0
0
0
0
0
0
0
0
0
0
0
0
0
0
0
0
0
0
0
0
0
0
0
0
0
0
0
0
0
0
0
0
0
0
0
0
0
0
0
0
0
0
0
0
0
0
0
0
0
0
0
0
0
0
0
0
0
0
0
0
0
0
0
0
0
0
0
0
0
0
0
0
0
0
0
0
0
0
0
0
0
0
0
0
0
0
0
0
0
0
0
0
0
0
0
0
0
0
0
0
0
0
0
0
0
0
0
0
0
0
0
0
0
0
0
0
0
0
0
0
0
0
0
0
0
0
0
0
0
0
0
0
0
0
0
0
0
0
0
0
0
0
0
0
0
0
0
0
0
0
0
0
0
0
0
0
0
0
0
0
0
0
0
0
0
0
0
0
0
0
0
0
0
0
0
0
0
0
0
0
0
0
0
0
0
0
0
0
0
0
0
0
0
0
0
0
0
0
0
0
0
0
0
0
0
0
0
0
0
0
0
0
0
0
0
0
0
0
0
0
0
0
0
0
0
0
0
0
0
0
0
0
0
0
0
0
0
0
0
0
0
0
0
0
0
0
0
0
0
0
0
0
0
0
0
0
0
0
0
0
0
0
0
0
0
0
0
0
0
0
0
0
0
0
0
0
0
0
0
0
0
0
0
0
0
0
0
0
0
0
0
0
0
0
0
0
0
0
0
0
0
0
0
0
0
0
0
0
0
0
0
0
0
0
0
0
0
0
0
0
0
0
0
0
0
0
0
0
0
0
0
0
0
0
0
0
0
0
0
0
0
0
0
0
0
0
0
0
0
0
0
0
0
0
0
0
0
0
0
0
0
0
0
0
0
0
0
0
0
0
0
0
0
0
0
0
0
0
0
0
0
0
0
0
0
0
0
0
0
0
0
0
0
0
0
0
0
0
0
0
0
0
0
