#################################### 
# Matrix Size= (10,400,10)
# Resol      = (1,200,1)
# VoxelSize  = (10,2,10)
# nbVal      = 200
#################################### 
0
0
0
0
0
0
0
0
0
0
0
0
0
0
0
0
0
0
0
0
0
0
0
0
0
0
0
0
0
0
0
0
0
0
0
0
0
0
0
0
0
0
0
0
0
0
0
0
0
0
1
2
2
0
14
123
290
348
339
302
311
252
206
201
159
148
118
147
141
140
147
184
153
142
143
139
150
162
158
160
92
49
39
43
49
45
89
117
108
122
126
94
81
127
100
108
112
94
95
79
57
39
42
53
42
51
46
33
38
37
36
38
34
31
29
27
27
33
23
21
42
68
64
51
42
47
37
34
27
25
22
23
17
15
10
5
7
5
2
2
1
0
1
1
0
0
0
0
0
0
0
0
0
0
0
0
0
0
0
0
0
0
0
0
0
0
0
0
0
0
0
0
0
0
0
0
0
0
0
0
0
0
0
0
0
0
0
0
0
0
0
0
0
0
0
0
0
0
0
0
