#################################### 
# Matrix Size= (10,400,10)
# Resol      = (1,200,1)
# VoxelSize  = (10,2,10)
# nbVal      = 200
#################################### 
0
0
0
0
0
0
0
0
0
0
0
0
0
0
0
0
0
0
0
0
0
0
0
0
0
0
0
0
0
0
0
0
0
0
0
0
0
0
0
0
0
0
0
0
0
0
0
0
0
0
0
0
0
0
8
184
534
804
792
872
811
830
786
776
850
754
764
769
766
774
750
727
753
773
713
745
739
712
786
935
903
494
517
543
474
478
635
611
606
577
557
563
526
483
544
544
560
637
701
821
649
602
636
556
597
605
565
612
583
660
611
616
565
618
569
549
553
495
459
439
423
455
364
341
363
303
358
317
351
295
318
322
266
280
285
298
249
269
269
240
225
218
199
178
134
55
11
1
0
0
0
0
0
0
0
0
0
0
0
0
0
0
0
0
0
0
0
0
0
0
0
0
0
0
0
0
0
0
0
0
0
0
0
0
0
0
0
0
0
0
0
0
0
0
0
0
0
0
0
0
