#################################### 
# Matrix Size= (10,400,10)
# Resol      = (1,200,1)
# VoxelSize  = (10,2,10)
# nbVal      = 200
#################################### 
0
0
0
0
0
0
0
0
0
0
0
0
0
0
0
0
0
0
0
0
0
0
0
0
0
0
0
0
0
0
0
0
0
0
0
0
0
0
0
0
0
0
0
0
0
0
0
0
0
5.59137e-07
3.61863e-06
3.60597e-06
3.82619e-06
3.71765e-06
3.95224e-06
4.11724e-06
3.81307e-06
3.27962e-06
2.72586e-06
2.48353e-06
2.36165e-06
2.32452e-06
2.41006e-06
2.55606e-06
2.71511e-06
2.97474e-06
3.30671e-06
3.74314e-06
4.20499e-06
4.81286e-06
5.56343e-06
6.39084e-06
7.48177e-06
8.91073e-06
1.06449e-05
1.33448e-05
1.75158e-05
2.43695e-05
3.71513e-05
6.71982e-05
0.000185121
0.000363735
0.000511141
0.000645157
0.00075358
0.000819221
0.000870548
0.000901799
0.000918148
0.000921402
0.000922856
0.000919839
0.00091576
0.00091128
0.000905409
0.000901865
0.000894628
0.000890152
0.000882402
0.000872448
0.00084209
0.000827538
0.000807265
0.000775153
0.000722827
0.000623383
0.00050417
0.000382678
0.000268012
0.00016801
0.000111314
8.13237e-05
6.18282e-05
4.82972e-05
3.90566e-05
3.20986e-05
2.66042e-05
2.21174e-05
1.85946e-05
1.60586e-05
1.38753e-05
1.10689e-05
9.40587e-06
8.65754e-06
8.08564e-06
7.69385e-06
7.22188e-06
6.83156e-06
6.49297e-06
6.20232e-06
5.83538e-06
5.51831e-06
5.27606e-06
5.01296e-06
4.77751e-06
4.57059e-06
4.35631e-06
4.18421e-06
3.9936e-06
3.76823e-06
3.57452e-06
3.43921e-06
3.29316e-06
3.13096e-06
2.78423e-06
2.00343e-06
1.48136e-06
1.51083e-06
1.50877e-06
1.52424e-06
2.26713e-07
0
0
0
0
0
0
0
0
0
0
0
0
0
0
0
0
0
0
0
0
0
0
0
0
0
0
0
0
0
0
0
0
0
0
0
0
0
0
0
0
0
0
0
0
0
0
0
0
0
