#################################### 
# Matrix Size= (10,400,10)
# Resol      = (1,200,1)
# VoxelSize  = (10,2,10)
# nbVal      = 200
#################################### 
0
0
0
0
0
0
0
0
0
0
0
0
0
0
0
0
0
0
0
0
0
0
0
0
0
0
0
0
0
0
0
0
0
0
0
0
0
0
0
0
0
0
0
0
0
0
0
0
0
0
0
0
0
0
0
8
15
21
12
15
9
4
5
1
1
0
1
0
0
0
1
0
2
5
4
36
66
162
400
1194
2369
1731
2475
3017
3500
4236
9146
11183
11358
11419
11311
11122
11114
10873
10795
10907
10659
10770
10870
10341
6201
3688
3557
3301
3054
2769
2379
1949
1446
1038
709
517
439
321
204
166
137
100
80
59
56
58
27
15
15
15
14
14
7
12
7
3
8
6
6
1
6
5
5
5
3
5
2
3
3
0
1
0
1
0
0
0
0
0
0
0
0
0
0
0
0
0
0
0
0
0
0
0
0
0
0
0
0
0
0
0
0
0
0
0
0
0
0
0
0
0
0
0
0
0
0
0
0
0
0
0
0
0
0
0
