#################################### 
# Matrix Size= (10,400,10)
# Resol      = (1,200,1)
# VoxelSize  = (10,2,10)
# nbVal      = 200
#################################### 
0
0
0
0
0
0
0
0
0
0
0
0
0
0
0
0
0
0
0
0
0
0
0
0
0
0
0
0
0
0
0
0
0
0
0
0
0
0
0
0
0
0
0
0
0
0
0
0
0
0
0
0
0
0
0
0
0
0
0
0
0
0
0
0
0
1
0
0
0
0
0
0
2
0
2
6
16
23
42
71
1279
1460
2803
3408
4443
5340
9959
11993
10940
11295
10976
11011
11134
10429
11080
10044
10705
10752
10714
11523
6183
4675
3910
4415
4044
3456
2853
1619
1120
215
31
37
25
25
21
15
17
11
10
8
11
24
27
18
21
14
18
13
5
9
8
5
7
5
6
4
3
5
6
6
3
3
3
2
1
2
0
0
0
0
0
0
0
0
0
0
0
0
0
0
0
0
0
0
0
0
0
0
0
0
0
0
0
0
0
0
0
0
0
0
0
0
0
0
0
0
0
0
0
0
0
0
0
0
0
0
0
0
0
0
