#################################### 
# Matrix Size= (3000,10,10)
# Resol      = (1500,1,1)
# VoxelSize  = (2,10,10)
# nbVal      = 1500
#################################### 
0
0
0
0
0
0
0
0
0
0
0
0
0
0
0
0
0
0
0
0
0
0
0
0
0
0
0
0
0
0
0
0
0
0
0
0
0
0
0
0
0
0
0
0
0
0
0
0
0
0
0
0
0
0
0
0
0
0
0
0
0
0
0
0
0
0
0
0
0
0
0
0
0
0
0
0
0
0
0
0
0
0
0
0
0
0
0
0
0
0
0
0
0
0
0
0
0
0
0
0
0
0
0
0
0
0
0
0
0
0
0
0
0
0
0
0
0
0
0
0
0
0
0
0
0
0
0
0
0
0
0
0
0
0
0
0
0
0
0
0
0
0
0
0
0
0
0
0
0
0
0
0
0
0
0
0
0
0
0
0
0
0
0
0
0
0
0
0
0
0
0
0
0
0
0
0
0
0
0
0
0
0
0
0
0
0
0
0
0
0
0
0
0
0
0
0
0
0
0
0
0
0
0
0
0
0
0
0
0
0
0
0
0
0
0
0
0
0
0
0
0
0
0
0
0
0
0
0
0
0
0
0
0
0
0
0
0
0
0
0
0
0
0
0
0
0
0
0
0
0
0
0
0
0
0
0
0
0
0
0
0
0
0
0
0
0
0
0
0
0
0
0
0
0
0
0
0
0
0
0
0
0
0
0
0
0
0
0
0
0
0
0
0
0
0
0
0
0
0
0
0
0
0
0
0
0
0
0
0
0
0
0
0
0
0
0
0
0
0
0
0
0
0
0
0
0
0
0
0
0
0
0
0
0
0
0
0
0
0
0
0
0
0
0
0
0
0
0
0
0
0
0
0
0
0
0
0
0
0
0
0
0
0
0
0
0
0
0
0
0
0
0
0
0
0
0
0
0
0
0
0
0
0
0
0
0
0
0
0
0
0
0
0
0
0
0
0
0
0
0
0
0
0
0
0
0
0
0
0
0
0
0
0
0
0
0
0
0
0
0
0
0
0
0
0
0
0
0
0
0
0
0
0
0
0
0
0
0
0
0
0
0
0
0
0
0
0
0
0
0
0
0
0
0
0
0
0
0
0
0
0
0
0
0
0
0
0
0
0
0
0
0
0
0
0
0
0
0
0
0
0
0
0
0
0
0
0
0
0
0
0
0
0
0
0
0
0
0
0
0
0
0
0
0
0
0
0
0
0
0
0
0
0
0
0
0
0
0
0
0
0
0
0
0
0
0
0
0
0
0
0
0
0
0
0
0
0
0
0
0
0
0
0
0
0
0
0
0
0
0
0
0
0
0
0
0
0
0
0
0
0
0
0
0
0
0
0
0
0
0
0
0
0
0
0
0
0
0
0
0
0
0
0
0
0
0
0
0
0
0
0
0
0
0
0
0
0
0
0
0
0
0
0
0
0
0
0
0
0
0
0
0
0
0
0
0
0
0
0
0
0
0
0
0
0
0
0
0
0
0
0
0
0
0
0
0
0
0
0
0
0
0
0
0
0
0
0
0
0
0
0
0
0
0
0
0
0
0
0
0
5.82628e-07
5.64276e-07
6.60132e-07
7.97927e-07
7.65481e-07
8.5371e-07
8.72588e-07
8.66437e-07
8.78994e-07
9.06286e-07
9.33681e-07
9.72617e-07
9.98717e-07
9.72034e-07
1.03584e-06
1.05352e-06
1.07053e-06
1.08915e-06
1.13366e-06
1.16391e-06
1.21358e-06
1.2133e-06
1.2179e-06
1.21712e-06
1.27238e-06
1.27847e-06
1.33903e-06
1.31588e-06
1.30996e-06
1.36648e-06
1.36282e-06
1.23697e-06
1.24757e-06
1.27743e-06
1.35394e-06
1.38112e-06
1.45669e-06
1.46262e-06
1.4249e-06
1.43725e-06
1.51663e-06
1.52132e-06
1.56891e-06
1.51541e-06
1.44362e-06
1.59508e-06
1.61912e-06
1.53069e-06
1.55973e-06
1.64704e-06
1.67821e-06
1.6833e-06
1.67207e-06
1.79484e-06
1.83596e-06
1.83901e-06
1.89777e-06
1.82881e-06
1.84246e-06
1.93668e-06
1.97145e-06
1.95356e-06
2.02152e-06
2.05462e-06
2.12444e-06
2.12423e-06
2.18984e-06
2.19588e-06
2.23494e-06
2.26229e-06
2.1085e-06
2.17801e-06
2.27734e-06
2.40105e-06
2.52003e-06
2.63181e-06
2.66206e-06
2.67512e-06
2.75109e-06
2.81575e-06
2.87509e-06
3.02633e-06
3.08057e-06
3.18046e-06
3.20426e-06
3.21421e-06
3.32131e-06
3.36755e-06
3.44155e-06
3.47649e-06
3.71154e-06
3.75022e-06
3.85824e-06
3.77953e-06
3.90386e-06
4.06864e-06
4.18101e-06
4.21152e-06
4.3643e-06
4.60468e-06
4.67868e-06
4.79889e-06
5.02309e-06
5.20149e-06
5.62981e-06
6.14452e-06
6.51364e-06
6.83905e-06
7.2138e-06
7.5202e-06
7.79024e-06
8.24203e-06
8.82971e-06
9.0301e-06
9.93563e-06
1.10555e-05
1.24089e-05
1.36671e-05
1.49404e-05
1.53298e-05
1.57693e-05
1.61172e-05
1.59729e-05
1.58142e-05
1.72335e-05
1.96977e-05
2.51923e-05
3.23142e-05
3.83153e-05
4.48282e-05
5.53787e-05
6.38289e-05
7.27447e-05
8.11771e-05
9.11814e-05
0.000100549
0.0001108
0.000124925
0.000148821
0.000170069
0.000192607
0.000227878
0.000274113
0.000325854
0.000389298
0.000451273
0.000507648
0.00057424
0.000608334
0.00065927
0.00072127
0.000773228
0.000824449
0.000842591
0.00085489
0.000868284
0.000881187
0.000882479
0.000898197
0.000912911
0.000925284
0.000939161
0.00095468
0.000971765
0.000977912
0.000977111
0.000981336
0.00099394
0.000993108
0.000977251
0.000939594
0.000878084
0.000772298
0.000596832
0.000399867
0.000315188
0.000233655
0.00017723
0.000178341
8.74529e-05
0
0
0
0
0
0
0
0
0
0
0
0
0
0
0
0
0
0
0
0
0
0
0
0
0
0
0
0
0
0
0
0
0
0
0
0
0
0
0
0
0
0
0
0
0
0
0
0
0
0
0
0
0
0
0
0
0
0
0
0
0
0
0
0
0
0
0
0
0
0
0
0
0
0
0
0
0
0
0
0
0
0
0
0
0
0
0
0
0
0
0
0
0
0
0
0
0
0
0
0
0
0
0
0
0
0
0
0
0
0
0
0
0
0
0
0
0
0
0
0
0
0
0
0
0
0
0
0
0
0
0
0
0
0
0
0
0
0
0
0
0
0
0
0
0
0
0
0
0
0
0
0
0
0
0
0
0
0
0
0
0
0
0
0
0
0
0
0
0
0
0
0
0
0
0
0
0
0
0
0
0
0
0
0
0
0
0
0
0
0
0
0
0
0
0
0
0
0
0
0
0
0
0
0
0
0
0
0
0
0
0
0
0
0
0
0
0
0
0
0
0
0
0
0
0
0
0
0
0
0
0
0
0
0
0
0
0
0
0
0
0
0
0
0
0
0
0
0
0
0
0
0
0
0
0
0
0
0
0
0
0
0
0
0
0
0
0
0
0
0
0
0
0
0
0
0
0
0
0
0
0
0
0
0
0
0
0
0
0
0
0
0
0
0
0
0
0
0
0
0
0
0
0
0
0
0
0
0
0
0
0
0
0
0
0
0
0
0
0
0
0
0
0
0
0
0
0
0
0
0
0
0
0
0
0
0
0
0
0
0
0
0
0
0
0
0
0
0
0
0
0
0
0
0
0
0
0
0
0
0
0
0
0
0
0
0
0
0
0
0
0
0
0
0
0
0
0
0
0
0
0
0
0
0
0
0
0
0
0
0
0
0
0
0
0
0
0
0
0
0
0
0
0
0
0
0
0
0
0
0
0
0
0
0
0
0
0
0
0
0
0
0
0
0
0
0
0
0
0
0
0
0
0
0
0
0
0
0
0
0
0
0
0
0
0
0
0
0
0
0
0
0
0
0
0
0
0
0
0
0
0
0
0
0
0
0
0
0
0
0
0
0
0
0
0
0
0
0
0
0
0
0
0
0
0
0
0
0
0
0
0
0
0
0
0
0
0
0
0
0
0
0
0
0
0
0
0
0
0
0
0
0
0
0
0
0
0
0
0
0
0
0
0
0
0
0
0
0
0
0
0
0
0
0
0
0
0
0
0
0
0
0
0
0
0
0
0
0
0
0
0
0
0
0
0
0
0
0
0
0
0
0
0
0
0
0
0
0
0
0
0
0
0
0
0
0
0
0
0
0
0
0
0
0
0
0
0
0
0
0
0
0
0
0
0
0
0
0
0
0
0
0
0
0
0
0
0
0
0
0
0
0
0
0
0
0
0
0
0
0
0
0
0
0
0
0
0
0
0
0
0
0
0
0
0
0
0
0
0
0
0
0
0
0
0
0
0
0
0
0
0
0
0
0
0
0
0
0
0
0
