#################################### 
# Matrix Size= (10,400,10)
# Resol      = (1,200,1)
# VoxelSize  = (10,2,10)
# nbVal      = 200
#################################### 
0
0
0
0
0
0
0
0
0
0
0
0
0
0
0
0
0
0
0
0
0
0
0
0
0
0
0
0
0
0
0
2
0
0
0
0
1
0
3
2
2
1
0
0
0
0
0
0
0
0
0
0
0
0
0
0
0
0
0
0
0
0
0
0
0
0
1
0
1
0
3
1
5
13
17
25
19
13
9
5
6
17
12
9
11
7
14
14
12
13
4
8
0
0
0
0
3
1
0
0
0
1
0
0
1
50
123
123
221
256
313
445
624
765
808
928
2205
4091
3576
2317
1753
1572
1612
1381
1386
1381
1757
2040
2066
2278
1898
1780
1673
1486
1196
1033
684
524
402
318
344
332
298
249
181
81
41
30
26
16
21
15
10
11
10
5
4
7
5
10
7
2
2
2
4
6
1
1
0
1
2
0
0
0
0
0
0
0
0
0
0
0
0
0
0
0
0
0
0
0
0
0
0
0
0
0
0
0
0
0
