#################################### 
# Matrix Size= (10,400,10)
# Resol      = (1,200,1)
# VoxelSize  = (10,2,10)
# nbVal      = 200
#################################### 
0
0
0
0
0
0
0
0
0
0
0
0
0
0
0
0
0
0
0
0
0
0
0
0
0
0
0
0
0
0
0
0
0
0
0
0
0
0
0
0
0
0
0
0
0
0
0
0
0
3.15506e-06
2.18311e-05
2.21226e-05
2.33341e-05
2.4629e-05
2.77037e-05
8.64649e-05
0.000220581
0.000376985
0.000479544
0.000534566
0.000563729
0.000577225
0.000583533
0.000581792
0.000579573
0.000573898
0.000568083
0.000560866
0.000554008
0.000548501
0.000541448
0.000534742
0.000527229
0.00052028
0.000514244
0.00050713
0.000500616
0.000493014
0.000486847
0.000479357
0.000469631
0.000462208
0.000459846
0.000453667
0.000445973
0.000439149
0.00043397
0.000427122
0.000422806
0.000419534
0.000414707
0.000410084
0.000407079
0.000402985
0.000398028
0.000394108
0.000389911
0.000385917
0.000380529
0.000376956
0.000374077
0.000369539
0.000365943
0.000361498
0.00035904
0.000355796
0.00035364
0.000350725
0.000347832
0.00034491
0.000342801
0.000340537
0.000337181
0.000334811
0.000332497
0.000330262
0.000329025
0.000326684
0.000323775
0.000322387
0.000322682
0.000319942
0.000318864
0.000317588
0.000313875
0.000311566
0.000307951
0.000304633
0.000300946
0.00029694
0.000294263
0.000290578
0.000287535
0.000282818
0.00027923
0.00027628
0.000272784
0.00026905
0.000265064
0.000261929
0.000259005
0.000255168
0.000251779
0.000245207
0.000222943
0.000177401
0.000141093
0.000128527
0.000125372
0.000117032
1.66189e-05
0
0
0
0
0
0
0
0
0
0
0
0
0
0
0
0
0
0
0
0
0
0
0
0
0
0
0
0
0
0
0
0
0
0
0
0
0
0
0
0
0
0
0
0
0
0
0
0
0
