#################################### 
# Matrix Size= (10,400,10)
# Resol      = (1,200,1)
# VoxelSize  = (10,2,10)
# nbVal      = 200
#################################### 
0
0
0
0
0
0
0
0
0
0
0
0
0
0
0
0
0
0
0
0
0
0
0
0
0
0
0
0
0
0
0
0
0
0
0
0
0
0
0
0
0
0
0
0
0
0
0
0
0
0
10
13
10
14
86
2075
5750
8572
9148
9354
8144
9160
8168
8740
8219
8305
9035
7318
8316
7754
8111
7863
7883
8391
7027
7665
7013
7388
7311
7041
5961
1697
2412
2050
2479
2499
2160
2739
2637
3521
3467
3745
4085
3586
4014
3143
3438
2811
2547
2405
1615
2159
1641
2015
1832
1896
2379
1599
2141
1745
2073
1924
1899
2214
1551
2053
1709
1997
1925
1789
3104
4777
5179
4832
5168
5229
4677
4985
4628
5045
4583
4738
4872
4227
4644
4244
4586
4248
4362
4591
3849
4355
4004
4185
3239
1652
348
4
35
8
1
0
0
0
0
0
0
0
0
0
0
0
0
0
0
0
0
0
0
0
0
0
0
0
0
0
0
0
0
0
0
0
0
0
0
0
0
0
0
0
0
0
0
0
0
0
0
0
0
0
