#################################### 
# Matrix Size= (10,400,10)
# Resol      = (1,200,1)
# VoxelSize  = (10,2,10)
# nbVal      = 200
#################################### 
0
0
0
0
0
0
0
0
0
0
0
0
0
0
0
0
0
0
0
0
0
0
0
0
0
0
0
0
0
0
0
0
0
0
0
0
0
0
0
0
0
0
0
0
0
0
0
0
0
0
0
1
1
1
19
789
2903
5500
7364
8152
8325
8418
8577
8482
8502
8422
8289
8171
8064
8062
8034
8019
7736
7732
7663
7524
7398
7289
7320
6978
5356
2080
2229
2276
2229
2266
2228
2337
2953
3259
3602
3601
3845
3663
3609
3409
3162
2845
2169
1924
1797
1804
1791
1701
1697
1757
1890
1854
1884
1921
1824
1833
1828
1828
1733
1695
1840
1864
1865
1764
2882
5145
5069
4995
4828
5038
4919
4777
4834
4822
4870
4712
4664
4527
4556
4422
4541
4496
4346
4291
4324
4176
4180
3866
2911
1190
160
4
6
3
0
0
0
0
0
0
0
0
0
0
0
0
0
0
0
0
0
0
0
0
0
0
0
0
0
0
0
0
0
0
0
0
0
0
0
0
0
0
0
0
0
0
0
0
0
0
0
0
0
0
