#################################### 
# Matrix Size= (3000,10,10)
# Resol      = (1500,1,1)
# VoxelSize  = (2,10,10)
# nbVal      = 1500
#################################### 
0
0
0
0
0
0
0
0
0
0
0
0
0
0
0
0
0
0
0
0
0
0
0
0
0
0
0
0
0
0
0
0
0
0
0
0
0
0
0
0
0
0
0
0
0
0
0
0
0
0
0
0
0
0
0
0
0
0
0
0
0
0
0
0
0
0
0
0
0
0
0
0
0
0
0
0
0
0
0
0
0
0
0
0
0
0
0
0
0
0
0
0
0
0
0
0
0
0
0
0
0
0
0
0
0
0
0
0
0
0
0
0
0
0
0
0
0
0
0
0
0
0
0
0
0
0
0
0
0
0
0
0
0
0
0
0
0
0
0
0
0
0
0
0
0
0
0
0
0
0
0
0
0
0
0
0
0
0
0
0
0
0
0
0
0
0
0
0
0
0
0
0
0
0
0
0
0
0
0
0
0
0
0
0
0
0
0
0
0
0
0
0
0
0
0
0
0
0
0
0
0
0
0
0
0
0
0
0
0
0
0
0
0
0
0
0
0
0
0
0
0
0
0
0
0
0
0
0
0
0
0
0
0
0
0
0
0
0
0
0
0
0
0
0
0
0
0
0
0
0
0
0
0
0
0
0
0
0
0
0
0
0
0
0
0
0
0
0
0
0
0
0
0
0
0
0
0
0
0
0
0
0
0
0
0
0
0
0
0
0
0
0
0
0
0
0
0
0
0
0
0
0
0
0
0
0
0
0
0
0
0
0
0
0
0
0
0
0
0
0
0
0
0
0
0
0
0
0
0
0
0
0
0
0
0
0
0
0
0
0
0
0
0
0
0
0
0
0
0
0
0
0
0
0
0
0
0
0
0
0
0
0
0
0
0
0
0
0
0
0
0
0
0
0
0
0
0
0
0
0
0
0
0
0
0
0
0
0
0
0
0
0
0
0
0
0
0
0
0
0
0
0
0
0
0
0
0
0
0
0
0
0
0
0
0
0
0
0
0
0
0
0
0
0
0
0
0
0
0
0
0
0
0
0
0
0
0
0
0
0
0
0
0
0
0
0
0
0
0
0
0
0
0
0
0
0
0
0
0
0
0
0
0
0
0
0
0
0
0
0
0
0
0
0
0
0
0
0
0
0
0
0
0
0
0
0
0
0
0
0
0
0
0
0
0
0
0
0
0
0
0
0
0
0
0
0
0
0
0
0
0
0
0
0
0
0
0
0
0
0
0
0
0
0
0
0
0
0
0
0
0
0
0
0
0
0
0
0
0
0
0
0
0
0
0
0
0
0
0
0
0
0
0
0
0
0
0
0
0
0
0
0
0
0
0
0
0
0
0
0
0
0
0
0
0
0
0
0
0
0
0
0
0
0
0
0
0
0
0
0
0
0
0
0
0
0
0
0
0
0
0
0
0
0
0
0
0
0
0
0
0
0
0
0
0
0
0
0
0
0
0
0
0
0
0
0
0
0
0
0
0
0
0
0
0
0
0
0
0
0
0
0
0
0
0
0
0
0
0
0
0
0
0
0
0
0
0
0
0
0
5.3904e-07
6.85641e-07
7.3897e-07
6.52374e-07
4.93842e-07
4.00214e-07
3.10404e-07
2.87591e-07
2.64613e-07
2.74592e-07
2.88397e-07
2.99952e-07
3.01341e-07
3.2283e-07
3.37897e-07
3.43378e-07
3.63761e-07
3.92148e-07
4.03531e-07
4.10225e-07
4.35035e-07
4.60625e-07
4.74561e-07
5.1033e-07
5.37216e-07
5.53635e-07
5.79161e-07
5.76708e-07
5.56603e-07
5.6194e-07
6.0539e-07
5.70101e-07
5.49066e-07
5.67614e-07
5.80011e-07
6.41005e-07
6.59381e-07
6.76072e-07
6.87984e-07
7.31305e-07
7.43544e-07
7.53699e-07
7.49871e-07
7.80365e-07
7.96316e-07
7.97095e-07
8.2614e-07
8.22726e-07
9.41243e-07
9.46992e-07
9.69015e-07
9.88725e-07
1.04065e-06
1.04702e-06
1.13145e-06
1.15381e-06
1.19321e-06
1.1923e-06
1.21745e-06
1.27421e-06
1.34123e-06
1.36449e-06
1.41245e-06
1.48461e-06
1.51822e-06
1.59323e-06
1.63685e-06
1.65357e-06
1.75639e-06
1.78184e-06
1.71442e-06
1.81814e-06
1.93648e-06
2.0804e-06
2.24367e-06
2.34021e-06
2.40171e-06
2.47354e-06
2.5946e-06
2.67449e-06
2.80314e-06
2.93651e-06
2.98631e-06
3.0298e-06
3.21318e-06
3.25056e-06
3.40284e-06
3.50142e-06
3.55089e-06
3.70835e-06
3.81369e-06
3.9021e-06
4.04348e-06
4.07326e-06
4.09907e-06
4.25628e-06
4.36008e-06
4.46084e-06
4.6219e-06
4.73204e-06
4.86482e-06
5.11933e-06
5.26995e-06
5.48043e-06
5.74503e-06
6.10395e-06
6.54274e-06
6.95768e-06
7.37662e-06
7.79217e-06
8.18842e-06
8.56389e-06
8.97342e-06
9.19911e-06
9.64496e-06
1.0198e-05
1.0238e-05
1.09395e-05
1.21216e-05
1.27259e-05
1.38437e-05
1.49131e-05
1.52949e-05
1.49502e-05
1.49207e-05
1.51944e-05
1.66835e-05
2.0423e-05
2.44138e-05
2.64789e-05
3.16233e-05
3.7634e-05
4.51226e-05
5.31345e-05
6.12273e-05
7.01049e-05
7.83576e-05
8.74903e-05
0.000102341
0.000117239
0.000129949
0.000146324
0.000162695
0.000179401
0.000198618
0.000214022
0.000224455
0.00023471
0.000236112
0.000242743
0.000254103
0.000262615
0.000275056
0.000284545
0.000289178
0.000289627
0.000289186
0.0002906
0.00028658
0.000282938
0.000279926
0.000279897
0.000277247
0.000273726
0.000273406
0.000275885
0.000277461
0.000273591
0.000269192
0.000266749
0.00026567
0.000264272
0.000263147
0.000254101
0.000225334
0.000216269
0.000195669
0.000167627
0.000187458
0.00015566
0
0
0
0
0
0
0
0
0
0
0
0
0
0
0
0
0
0
0
0
0
0
0
0
0
0
0
0
0
0
0
0
0
0
0
0
0
0
0
0
0
0
0
0
0
0
0
0
0
0
0
0
0
0
0
0
0
0
0
0
0
0
0
0
0
0
0
0
0
0
0
0
0
0
0
0
0
0
0
0
0
0
0
0
0
0
0
0
0
0
0
0
0
0
0
0
0
0
0
0
0
0
0
0
0
0
0
0
0
0
0
0
0
0
0
0
0
0
0
0
0
0
0
0
0
0
0
0
0
0
0
0
0
0
0
0
0
0
0
0
0
0
0
0
0
0
0
0
0
0
0
0
0
0
0
0
0
0
0
0
0
0
0
0
0
0
0
0
0
0
0
0
0
0
0
0
0
0
0
0
0
0
0
0
0
0
0
0
0
0
0
0
0
0
0
0
0
0
0
0
0
0
0
0
0
0
0
0
0
0
0
0
0
0
0
0
0
0
0
0
0
0
0
0
0
0
0
0
0
0
0
0
0
0
0
0
0
0
0
0
0
0
0
0
0
0
0
0
0
0
0
0
0
0
0
0
0
0
0
0
0
0
0
0
0
0
0
0
0
0
0
0
0
0
0
0
0
0
0
0
0
0
0
0
0
0
0
0
0
0
0
0
0
0
0
0
0
0
0
0
0
0
0
0
0
0
0
0
0
0
0
0
0
0
0
0
0
0
0
0
0
0
0
0
0
0
0
0
0
0
0
0
0
0
0
0
0
0
0
0
0
0
0
0
0
0
0
0
0
0
0
0
0
0
0
0
0
0
0
0
0
0
0
0
0
0
0
0
0
0
0
0
0
0
0
0
0
0
0
0
0
0
0
0
0
0
0
0
0
0
0
0
0
0
0
0
0
0
0
0
0
0
0
0
0
0
0
0
0
0
0
0
0
0
0
0
0
0
0
0
0
0
0
0
0
0
0
0
0
0
0
0
0
0
0
0
0
0
0
0
0
0
0
0
0
0
0
0
0
0
0
0
0
0
0
0
0
0
0
0
0
0
0
0
0
0
0
0
0
0
0
0
0
0
0
0
0
0
0
0
0
0
0
0
0
0
0
0
0
0
0
0
0
0
0
0
0
0
0
0
0
0
0
0
0
0
0
0
0
0
0
0
0
0
0
0
0
0
0
0
0
0
0
0
0
0
0
0
0
0
0
0
0
0
0
0
0
0
0
0
0
0
0
0
0
0
0
0
0
0
0
0
0
0
0
0
0
0
0
0
0
0
0
0
0
0
0
0
0
0
0
0
0
0
0
0
0
0
0
0
0
0
0
0
0
0
0
0
0
0
0
0
0
0
0
0
0
0
0
0
0
0
0
0
0
0
0
0
0
0
0
0
0
0
0
0
0
0
0
0
0
0
0
0
0
0
0
0
0
0
0
0
0
0
0
0
0
0
0
0
0
0
0
0
0
0
0
0
0
0
0
0
0
0
0
0
0
0
0
0
