#################################### 
# Matrix Size= (10,400,10)
# Resol      = (1,200,1)
# VoxelSize  = (10,2,10)
# nbVal      = 200
#################################### 
0
0
0
0
0
0
0
0
0
0
0
0
0
0
0
0
0
0
0
0
0
0
0
0
0
0
0
0
0
4.5386e-07
5.90484e-07
5.82246e-07
5.60449e-07
5.85006e-07
5.94438e-07
5.47109e-07
5.6303e-07
6.23975e-07
6.81104e-07
7.21711e-07
7.43986e-07
7.71734e-07
7.72091e-07
8.18426e-07
8.30327e-07
8.74324e-07
9.13996e-07
9.53843e-07
9.87916e-07
1.03928e-06
1.08188e-06
1.08952e-06
1.13345e-06
1.17733e-06
1.24344e-06
1.3061e-06
1.31053e-06
1.27601e-06
1.34979e-06
1.28509e-06
1.4004e-06
1.49642e-06
1.62825e-06
1.69308e-06
1.75113e-06
1.82539e-06
1.93364e-06
2.08711e-06
2.13054e-06
2.36506e-06
2.64899e-06
2.98367e-06
3.49469e-06
4.14792e-06
5.38049e-06
6.197e-06
6.67889e-06
7.44228e-06
7.98297e-06
8.11037e-06
8.4222e-06
9.43711e-06
9.90987e-06
1.06841e-05
1.13738e-05
1.17116e-05
1.23964e-05
1.33878e-05
1.36832e-05
1.40236e-05
1.44251e-05
1.49464e-05
1.53977e-05
1.63135e-05
1.70823e-05
1.79774e-05
1.88716e-05
1.95945e-05
2.07793e-05
2.16073e-05
2.27883e-05
2.40185e-05
2.50271e-05
2.63589e-05
2.73666e-05
3.24702e-05
4.19573e-05
5.01846e-05
6.04978e-05
7.40675e-05
9.38403e-05
0.000131178
0.000172656
0.00020673
0.00022791
0.000242778
0.000278731
0.00030449
0.000311677
0.000313034
0.00031724
0.000321977
0.000325387
0.00032444
0.000332613
0.000340157
0.000345335
0.000350385
0.000357574
0.000359972
0.000359602
0.000357455
0.00035206
0.000339469
0.000320299
0.000276471
0.000212566
0.000147588
0.000101155
7.68206e-05
5.96813e-05
4.53476e-05
3.36806e-05
2.43838e-05
1.76222e-05
1.39012e-05
1.21646e-05
1.10616e-05
1.014e-05
9.49139e-06
8.82197e-06
8.21095e-06
7.61998e-06
7.09586e-06
6.68785e-06
6.18382e-06
5.81061e-06
5.46392e-06
5.1136e-06
4.87038e-06
4.64743e-06
4.38847e-06
4.04474e-06
3.90485e-06
3.59298e-06
3.43676e-06
3.00106e-06
2.63638e-06
2.43801e-06
2.4293e-06
2.85024e-06
0
0
0
0
0
0
0
0
0
0
0
0
0
0
0
0
0
0
0
0
0
0
0
0
0
0
0
0
0
