#################################### 
# Matrix Size= (10,400,10)
# Resol      = (1,200,1)
# VoxelSize  = (10,2,10)
# nbVal      = 200
#################################### 
0
0
0
0
0
0
0
0
0
0
0
0
0
0
0
0
0
0
0
0
0
0
0
0
0
0
0
0
0
67.1585
94.748
92.2049
75.8406
99.0014
81.1594
88.5875
242.802
555.295
775.987
843.429
859.073
887.842
885.933
945.342
965.466
1040.15
1126.66
1200.45
1259.75
1352.33
1424.18
1421.37
1475.06
1530.67
1543.13
1361.83
1062.1
790.668
647.547
599.816
667.812
632.038
648.601
719.095
784.257
835.314
1156.59
1461.98
1563.23
1949.17
2435.16
2631.3
2648.14
2931.86
3730.66
3205.36
2166.98
1366.27
852.048
634.685
617.823
886.244
845.248
874.381
811.575
793.528
905.572
884.941
753.829
464.471
226.093
148.289
100.313
24.6405
25.8019
27.1541
28.5046
29.5965
31.3857
32.6365
34.4199
36.2797
37.8027
39.8135
102.357
3269.04
7419.25
7441.47
10575.5
14771.5
18182.2
29404.6
40680
46331.1
45644.2
47105
121940
204955
168609
107657
84532.5
78908.2
77800.9
70061
69659.6
75147.2
93647
108385
113734
126920
114115
106793
110330
102912
91059.1
79963
55037.6
35328.2
27024.2
22549
23542.8
26090.4
25957.1
25796.6
22391.1
17922.7
15592.3
13984.7
12933.3
12246.8
11668.9
11280.3
10876.1
10063.4
9217.86
8450.63
7616.65
7126.16
6641.19
6062.53
5508.43
5158.41
4777.72
4724.84
4525.62
4026.44
3085.87
2301.96
1407.64
612.026
1264.16
0
0
0
0
0
0
0
0
0
0
0
0
0
0
0
0
0
0
0
0
0
0
0
0
0
0
0
0
0
