#################################### 
# Matrix Size= (10,400,10)
# Resol      = (1,200,1)
# VoxelSize  = (10,2,10)
# nbVal      = 200
#################################### 
0
0
0
0
0
0
0
0
0
0
0
0
0
0
0
0
0
0
0
0
0
0
0
0
0
0
0
0
0
0
0
0
0
0
0
0
1
0
0
1
0
1
0
0
1
2
0
0
1
1
0
1
0
1
1
0
0
0
0
2
2
3
0
0
0
1
3
1
2
1
0
6
4
4
5
2
2
0
0
1
1
1
0
1
0
2
0
2
2
1
0
0
1
0
0
0
0
1
0
0
0
0
0
0
0
9
6
12
16
26
30
325
644
837
746
722
1924
2805
2164
1329
1073
1130
1039
918
949
1045
1256
1473
1458
1648
1533
1422
1534
1429
1405
1265
658
178
30
33
39
66
61
72
68
65
51
55
37
25
31
31
24
24
23
12
6
12
6
6
6
3
0
5
4
3
0
1
1
0
0
0
0
0
0
0
0
0
0
0
0
0
0
0
0
0
0
0
0
0
0
0
0
0
0
0
0
0
0
0
