#################################### 
# Matrix Size= (10,400,10)
# Resol      = (1,200,1)
# VoxelSize  = (10,2,10)
# nbVal      = 200
#################################### 
0
0
0
0
0
0
0
0
0
0
0
0
0
0
0
0
0
0
0
0
0
0
0
0
0
0
0
0
0
0
0
0
0
0
1
1
0
0
0
1
0
1
0
0
1
3
0
1
2
2
1
1
0
1
1
0
0
1
1
1
2
2
1
0
2
1
3
3
4
5
6
10
19
23
43
24
29
21
9
7
7
11
19
13
13
18
6
9
11
9
4
1
1
0
0
0
0
0
0
1
0
1
0
0
3
32
106
130
135
202
232
355
441
529
514
480
1401
2375
2099
1341
1040
980
908
887
816
858
1115
1267
1315
1547
1280
1236
1242
1168
1037
865
610
455
372
327
314
334
308
242
171
90
64
49
36
28
28
16
31
23
15
17
6
13
9
6
2
5
3
3
6
4
1
1
1
0
5
0
0
0
0
0
0
0
0
0
0
0
0
0
0
0
0
0
0
0
0
0
0
0
0
0
0
0
0
0
