#################################### 
# Matrix Size= (10,400,10)
# Resol      = (1,200,1)
# VoxelSize  = (10,2,10)
# nbVal      = 200
#################################### 
0
0
0
0
0
0
0
0
0
0
0
0
0
0
0
0
0
0
0
0
0
0
0
0
0
0
0
0
0
0
0
0
0
0
0
0
0
0
0
0
0
0
0
0
0
0
0
0
0
3.1664e-05
0.000224065
0.000235511
0.000248003
0.000260896
0.000276783
0.000348715
0.000436404
0.00050546
0.000522305
0.000529986
0.000538066
0.0005443
0.000552625
0.000558952
0.000567334
0.000574561
0.000582478
0.000589793
0.000597159
0.00060573
0.000612536
0.000620984
0.0006279
0.000635918
0.000642576
0.000649913
0.000657367
0.000661235
0.000666076
0.000667735
0.000674265
0.000667752
0.00067174
0.00067842
0.000683799
0.000690887
0.000696558
0.000702304
0.000710882
0.000717331
0.000726866
0.000733933
0.000741454
0.000747193
0.000753643
0.000759156
0.000762918
0.000766857
0.000770567
0.000776803
0.000782319
0.000788785
0.000796122
0.000802761
0.000811173
0.000819823
0.000827503
0.000836146
0.000843406
0.000853115
0.000860599
0.000870809
0.000881466
0.000891475
0.000903524
0.000915643
0.000930332
0.000944404
0.000960689
0.000974261
0.000975856
0.00100152
0.00101425
0.00103018
0.00104252
0.00105791
0.00107258
0.0010855
0.00110091
0.0011148
0.00113123
0.00114351
0.00115951
0.00117426
0.00118667
0.00120262
0.00121278
0.00122198
0.00122358
0.00121746
0.00119289
0.00114188
0.00104747
0.000862494
0.000557338
0.000247135
8.34997e-05
5.98909e-05
5.73857e-05
4.9422e-05
7.14812e-06
0
0
0
0
0
0
0
0
0
0
0
0
0
0
0
0
0
0
0
0
0
0
0
0
0
0
0
0
0
0
0
0
0
0
0
0
0
0
0
0
0
0
0
0
0
0
0
0
0
