#################################### 
# Matrix Size= (10,400,10)
# Resol      = (1,200,1)
# VoxelSize  = (10,2,10)
# nbVal      = 200
#################################### 
0
0
0
0
0
0
0
0
0
0
0
0
0
0
0
0
0
0
0
0
0
0
0
0
0
0
0
0
0
0
0
0
0
0
0
0
0
0
0
0
0
0
0
0
0
0
0
0
0
7
11
9
6
17
290
2391
6076
7780
8955
8002
9456
8896
9010
9241
8843
9745
8839
10081
9799
9541
10106
9511
10733
9802
10581
10516
10284
10881
9875
11549
7449
3470
3947
3423
4245
3323
4714
4390
5107
6105
6233
7214
6308
8038
7095
6686
6717
5594
5385
3309
4736
4330
3760
4459
3599
4864
4061
4968
4831
4286
5184
4031
5636
4807
4976
4995
4472
5738
4347
5897
8575
15044
15028
14736
15771
14311
16834
15896
16040
16439
16043
17320
15303
18653
17035
17330
17676
16820
18888
17041
19452
18733
18547
18698
13435
6766
701
56
166
28
0
0
0
0
0
0
0
0
0
0
0
0
0
0
0
0
0
0
0
0
0
0
0
0
0
0
0
0
0
0
0
0
0
0
0
0
0
0
0
0
0
0
0
0
0
0
0
0
0
0
