#################################### 
# Matrix Size= (10,400,10)
# Resol      = (1,200,1)
# VoxelSize  = (10,2,10)
# nbVal      = 200
#################################### 
0
0
0
0
0
0
0
0
0
0
0
0
0
0
0
0
0
0
0
0
0
0
0
0
0
0
0
0
0
0
0
0
0
0
0
0
0
0
0
0
0
0
0
0
0
0
0
0
0
0
0
0
0
1
49
1725
4870
7737
8409
8773
8942
9127
9146
9235
9325
9318
9542
9546
9730
9874
9956
10125
10099
10088
10401
10397
10543
10707
10655
10518
7859
3146
3536
3534
3701
3750
3605
3960
4944
5691
6370
6634
6717
7035
7021
6842
6384
5865
4650
3768
3824
3966
3707
3874
3968
3966
4254
4316
4356
4457
4377
4579
4697
4695
4538
4319
4753
4908
4950
4984
8210
15007
14959
15395
15383
15647
15963
16003
16362
16318
16707
16740
16743
17178
17071
17569
17371
18063
18066
17875
17751
17025
15785
12565
7686
2773
187
2
13
1
0
0
0
0
0
0
0
0
0
0
0
0
0
0
0
0
0
0
0
0
0
0
0
0
0
0
0
0
0
0
0
0
0
0
0
0
0
0
0
0
0
0
0
0
0
0
0
0
0
0
